{
  "1": {"cam_K": [614.19298, 0.0, 326.26801, 0.0, 614.19298, 238.851, 0.0, 0.0, 1.0], "cam_R_w2c": [-0.1210491731762886, 0.9926465153694153, 9.499491682163352e-08, 0.2441561222076416, 0.029773930087685585, -0.9692787528038025, -0.9621512293815613, -0.11733037233352661, -0.24596484005451202], "cam_t_w2c": [0.2638930163811892, -0.38623547879979014, 500.5963444709778], "depth_scale": 0.1},
  "2": {"cam_K": [614.19298, 0.0, 326.26801, 0.0, 614.19298, 238.851, 0.0, 0.0, 1.0], "cam_R_w2c": [-0.12572622299194336, 0.9920650124549866, 8.940698137394065e-08, 0.2668883502483368, 0.03382333368062973, -0.9631338119506836, -0.9554913640022278, -0.12109114974737167, -0.269023060798645], "cam_t_w2c": [0.9468196658417583, -1.434967154636979, 502.1754503250122], "depth_scale": 0.1},
  "3": {"cam_K": [614.19298, 0.0, 326.26801, 0.0, 614.19298, 238.851, 0.0, 0.0, 1.0], "cam_R_w2c": [-0.13261349499225616, 0.9911677837371826, 8.195639367158947e-08, 0.30004698038101196, 0.040144920349121094, -0.9530794024467468, -0.9446616768836975, -0.12639115750789642, -0.30272069573402405], "cam_t_w2c": [1.8746546702459455, -3.0066166073083878, 504.5301914215088], "depth_scale": 0.1},
  "4": {"cam_K": [614.19298, 0.0, 326.26801, 0.0, 614.19298, 238.851, 0.0, 0.0, 1.0], "cam_R_w2c": [-0.14096800982952118, 0.9900141954421997, 6.705523247774181e-08, 0.3397054672241211, 0.048370689153671265, -0.9392872452735901, -0.9299077391624451, -0.13240943849086761, -0.3431319296360016], "cam_t_w2c": [2.8619328513741493, -4.941423889249563, 507.44354724884033], "depth_scale": 0.1},
  "5": {"cam_K": [614.19298, 0.0, 326.26801, 0.0, 614.19298, 238.851, 0.0, 0.0, 1.0], "cam_R_w2c": [-0.15004833042621613, 0.9886786937713623, 5.587936513506975e-08, 0.38202112913131714, 0.0579780749976635, -0.9223332405090332, -0.9118911623954773, -0.1383945643901825, -0.3863956332206726], "cam_t_w2c": [3.717154962942004, -6.995064672082663, 510.5479955673218], "depth_scale": 0.1},
  "6": {"cam_K": [614.19298, 0.0, 326.26801, 0.0, 614.19298, 238.851, 0.0, 0.0, 1.0], "cam_R_w2c": [-0.15911602973937988, 0.9872599244117737, 2.980232949312267e-08, 0.4233616888523102, 0.0682329535484314, -0.903387725353241, -0.8918784260749817, -0.14374345541000366, -0.4288249611854553], "cam_t_w2c": [4.250131547451019, -8.777259849011898, 513.2491588592529], "depth_scale": 0.1},
  "7": {"cam_K": [614.19298, 0.0, 326.26801, 0.0, 614.19298, 238.851, 0.0, 0.0, 1.0], "cam_R_w2c": [-0.1674366295337677, 0.9858828186988831, 1.4901162970204496e-08, 0.46040716767311096, 0.07819290459156036, -0.884257435798645, -0.8717741966247559, -0.14805707335472107, -0.466999888420105], "cam_t_w2c": [4.281606990844011, -9.71478596329689, 514.7059559822083], "depth_scale": 0.1},
  "8": {"cam_K": [614.19298, 0.0, 326.26801, 0.0, 614.19298, 238.851, 0.0, 0.0, 1.0], "cam_R_w2c": [-0.17427997291088104, 0.9846961498260498, -7.450581485102248e-09, 0.49018341302871704, 0.0867568701505661, -0.8672909736633301, -0.8540180921554565, -0.15115144848823547, -0.4978017210960388], "cam_t_w2c": [3.6549479700624943, -9.069744497537613, 513.8488411903381], "depth_scale": 0.1},
  "9": {"cam_K": [614.19298, 0.0, 326.26801, 0.0, 614.19298, 238.851, 0.0, 0.0, 1.0], "cam_R_w2c": [-0.1789189577102661, 0.9838638305664062, -7.450582373280668e-09, 0.509990394115448, 0.09274347126483917, -0.8551658987998962, -0.8413668274879456, -0.15300540626049042, -0.5183546543121338], "cam_t_w2c": [2.250039717182517, -6.045181304216385, 509.41652059555054], "depth_scale": 0.1},
  "10": {"cam_K": [614.19298, 0.0, 326.26801, 0.0, 614.19298, 238.851, 0.0, 0.0, 1.0], "cam_R_w2c": [-0.18062706291675568, 0.9835516214370728, -2.2351745343485163e-08, 0.5172036290168762, 0.09498327970504761, -0.8505755066871643, -0.8365849852561951, -0.15363697707653046, -0.5258530378341675], "cam_t_w2c": [-8.65663096760727e-06, 4.464107661306116e-05, 500.0000596046448], "depth_scale": 0.1},
  "11": {"cam_K": [614.19298, 0.0, 326.26801, 0.0, 614.19298, 238.851, 0.0, 0.0, 1.0], "cam_R_w2c": [-0.14899283647537231, 0.9888383150100708, -2.2351745343485163e-08, 0.5131664872169495, 0.0773211419582367, -0.8547992706298828, -0.8452582955360413, -0.12735898792743683, -0.5189589262008667], "cam_t_w2c": [-2.515737898647785, 10.239602997899055, 482.8920066356659], "depth_scale": 0.1},
  "12": {"cam_K": [614.19298, 0.0, 326.26801, 0.0, 614.19298, 238.851, 0.0, 0.0, 1.0], "cam_R_w2c": [-0.06245031952857971, 0.9980480670928955, -2.421439049271612e-08, 0.4991002678871155, 0.031229909509420395, -0.86598140001297, -0.8642910718917847, -0.05408082529902458, -0.5000764727592468], "cam_t_w2c": [-2.102691913023591, 23.022759705781937, 459.36861634254456], "depth_scale": 0.1},
  "13": {"cam_K": [614.19298, 0.0, 326.26801, 0.0, 614.19298, 238.851, 0.0, 0.0, 1.0], "cam_R_w2c": [0.065758615732193, 0.9978355169296265, -2.2351745343485163e-08, 0.47079217433929443, -0.03102581948041916, -0.881698489189148, -0.8797901272773743, 0.057979267090559006, -0.4718133807182312], "cam_t_w2c": [4.030620213598013, 33.577509224414825, 436.10629439353943], "depth_scale": 0.1},
  "14": {"cam_K": [614.19298, 0.0, 326.26801, 0.0, 614.19298, 238.851, 0.0, 0.0, 1.0], "cam_R_w2c": [0.21978627145290375, 0.9755480885505676, -1.4901164746561335e-08, 0.4261520206928253, -0.09601001441478729, -0.899542510509491, -0.8775469064712524, 0.19770705699920654, -0.4368334710597992], "cam_t_w2c": [15.225320123136044, 37.951577454805374, 420.92472314834595], "depth_scale": 0.1},
  "15": {"cam_K": [614.19298, 0.0, 326.26801, 0.0, 614.19298, 238.851, 0.0, 0.0, 1.0], "cam_R_w2c": [0.38123413920402527, 0.9244785308837891, -2.980232594040899e-08, 0.36794567108154297, -0.15173253417015076, -0.9173839688301086, -0.848101794719696, 0.34973806142807007, -0.3980035185813904], "cam_t_w2c": [26.956861838698387, 34.94316339492798, 419.7767972946167], "depth_scale": 0.1},
  "16": {"cam_K": [614.19298, 0.0, 326.26801, 0.0, 614.19298, 238.851, 0.0, 0.0, 1.0], "cam_R_w2c": [0.531750500202179, 0.8469010591506958, -1.4901162970204496e-08, 0.303568959236145, -0.1906042844057083, -0.9335501790046692, -0.7906246781349182, 0.49641579389572144, -0.35844674706459045], "cam_t_w2c": [33.16383436322212, 26.47564932703972, 433.8955879211426], "depth_scale": 0.1},
  "17": {"cam_K": [614.19298, 0.0, 326.26801, 0.0, 614.19298, 238.851, 0.0, 0.0, 1.0], "cam_R_w2c": [0.6567156910896301, 0.7541382312774658, -2.980232594040899e-08, 0.24246945977210999, -0.21114635467529297, -0.9469033479690552, -0.7140960097312927, 0.6218463182449341, -0.3215186297893524], "cam_t_w2c": [30.021844431757927, 16.201244667172432, 458.9185118675232], "depth_scale": 0.1},
  "18": {"cam_K": [614.19298, 0.0, 326.26801, 0.0, 614.19298, 238.851, 0.0, 0.0, 1.0], "cam_R_w2c": [0.7478067278862, 0.6639163494110107, -2.980232594040899e-08, 0.19302189350128174, -0.2174115777015686, -0.9568045139312744, -0.6352381706237793, 0.7155049443244934, -0.2907322645187378], "cam_t_w2c": [18.795186653733253, 7.4288127943873405, 486.6788983345032], "depth_scale": 0.1},
  "19": {"cam_K": [614.19298, 0.0, 326.26801, 0.0, 614.19298, 238.851, 0.0, 0.0, 1.0], "cam_R_w2c": [0.802701473236084, 0.5963811278343201, -2.2351745343485163e-08, 0.16082386672496796, -0.21646152436733246, -0.9629539251327515, -0.5742875337600708, 0.7729644775390625, -0.26966628432273865], "cam_t_w2c": [5.913445260375738, 1.8876660615205765, 508.35496187210083], "depth_scale": 0.1},
  "20": {"cam_K": [614.19298, 0.0, 326.26801, 0.0, 614.19298, 238.851, 0.0, 0.0, 1.0], "cam_R_w2c": [0.8214138150215149, 0.5703325867652893, -5.215407483660783e-08, 0.14935408532619476, -0.21510528028011322, -0.9651026725769043, -0.55042964220047, 0.7927486896514893, -0.26187199354171753], "cam_t_w2c": [-4.581674772907718e-05, -0.0001159332327915763, 516.7846083641052], "depth_scale": 0.1},
  "21": {"cam_K": [614.19298, 0.0, 326.26801, 0.0, 614.19298, 238.851, 0.0, 0.0, 1.0], "cam_R_w2c": [0.8208096623420715, 0.5712018013000488, -5.2154071283894154e-08, 0.15052896738052368, -0.21630825102329254, -0.9646512269973755, -0.5510106086730957, 0.7917949557304382, -0.26353034377098083], "cam_t_w2c": [0.044551154132932425, -0.019447885279078037, 516.2554383277893], "depth_scale": 0.1},
  "22": {"cam_K": [614.19298, 0.0, 326.26801, 0.0, 614.19298, 238.851, 0.0, 0.0, 1.0], "cam_R_w2c": [0.8191648721694946, 0.5735581517219543, -5.2154071283894154e-08, 0.15373648703098297, -0.21956895291805267, -0.9634078741073608, -0.5525704622268677, 0.789189875125885, -0.2680399715900421], "cam_t_w2c": [0.1146752038039267, -0.07229232141980901, 514.8595571517944], "depth_scale": 0.1},
  "23": {"cam_K": [614.19298, 0.0, 326.26801, 0.0, 614.19298, 238.851, 0.0, 0.0, 1.0], "cam_R_w2c": [0.8167286515235901, 0.5770219564437866, -5.960465188081798e-08, 0.15850770473480225, -0.22435514628887177, -0.9615301489830017, -0.5548239946365356, 0.7853092551231384, -0.27469971776008606], "cam_t_w2c": [0.18537932191975415, -0.1320943993050605, 512.8402709960938], "depth_scale": 0.1},
  "24": {"cam_K": [614.19298, 0.0, 326.26801, 0.0, 614.19298, 238.851, 0.0, 0.0, 1.0], "cam_R_w2c": [0.8137508034706116, 0.5812139511108398, -4.4703494239684005e-08, 0.16437220573425293, -0.23013566434383392, -0.9591765403747559, -0.5574867725372314, 0.7805306911468506, -0.28280848264694214], "cam_t_w2c": [0.23306149523705244, -0.17402824596501887, 510.440468788147], "depth_scale": 0.1},
  "25": {"cam_K": [614.19298, 0.0, 326.26801, 0.0, 614.19298, 238.851, 0.0, 0.0, 1.0], "cam_R_w2c": [0.8104856610298157, 0.5857584476470947, -4.4703490686970326e-08, 0.17084741592407227, -0.23639340698719025, -0.9565194249153137, -0.5602893829345703, 0.7752453088760376, -0.29166877269744873], "cam_t_w2c": [0.24194947036448866, -0.18213634029962122, 507.89350271224976], "depth_scale": 0.1},
  "26": {"cam_K": [614.19298, 0.0, 326.26801, 0.0, 614.19298, 238.851, 0.0, 0.0, 1.0], "cam_R_w2c": [0.8071951866149902, 0.5902845859527588, -5.960465898624534e-08, 0.17743298411369324, -0.24263399839401245, -0.9537538886070251, -0.5629862546920776, 0.7698655128479004, -0.3005889654159546], "cam_t_w2c": [0.20852877059951425, -0.15293665637727827, 505.4175853729248], "depth_scale": 0.1},
  "27": {"cam_K": [614.19298, 0.0, 326.26801, 0.0, 614.19298, 238.851, 0.0, 0.0, 1.0], "cam_R_w2c": [0.8041492104530334, 0.5944274663925171, -4.4703490686970326e-08, 0.18360982835292816, -0.2483898401260376, -0.9510993957519531, -0.5653596520423889, 0.7648258805274963, -0.30888524651527405], "cam_t_w2c": [0.14271402324084193, -0.09641217911848798, 503.2126307487488], "depth_scale": 0.1},
  "28": {"cam_K": [614.19298, 0.0, 326.26801, 0.0, 614.19298, 238.851, 0.0, 0.0, 1.0], "cam_R_w2c": [0.8016247749328613, 0.5978274345397949, -2.980232594040899e-08, 0.18884247541427612, -0.25321829319000244, -0.9487987756729126, -0.567218005657196, 0.7605805993080139, -0.31588128209114075], "cam_t_w2c": [0.06621154898311943, -0.03350847327965312, 501.46156549453735], "depth_scale": 0.1},
  "29": {"cam_K": [614.19298, 0.0, 326.26801, 0.0, 614.19298, 238.851, 0.0, 0.0, 1.0], "cam_R_w2c": [0.7999036908149719, 0.6001284122467041, -4.4703490686970326e-08, 0.19258509576320648, -0.25669431686401367, -0.9471108913421631, -0.5683882236480713, 0.7575975060462952, -0.32090651988983154], "cam_t_w2c": [0.00852537777973339, 0.00805600757303182, 500.33485889434814], "depth_scale": 0.1},
  "30": {"cam_K": [614.19298, 0.0, 326.26801, 0.0, 614.19298, 238.851, 0.0, 0.0, 1.0], "cam_R_w2c": [0.7992678284645081, 0.6009749174118042, 4.4703490686970326e-08, 0.19429053366184235, -0.25839707255363464, -0.9462992548942566, -0.568702220916748, 0.756346583366394, -0.32329219579696655], "cam_t_w2c": [-1.6547854642112725e-05, 9.684841018042789e-05, 500.0000596046448], "depth_scale": 0.1},
  "31": {"cam_K": [614.19298, 0.0, 326.26801, 0.0, 614.19298, 238.851, 0.0, 0.0, 1.0], "cam_R_w2c": [0.8029760122299194, 0.5960113406181335, 4.4703490686970326e-08, 0.19313938915729523, -0.2602069675922394, -0.9460389614105225, -0.5638499855995178, 0.7596465945243835, -0.32405319809913635], "cam_t_w2c": [-0.004789073955180356, 0.06862248119432479, 499.7994899749756], "depth_scale": 0.1},
  "32": {"cam_K": [614.19298, 0.0, 326.26801, 0.0, 614.19298, 238.851, 0.0, 0.0, 1.0], "cam_R_w2c": [0.8128853440284729, 0.582423746585846, 1.4901162970204496e-08, 0.18909107148647308, -0.26391324400901794, -0.9458301067352295, -0.550873875617981, 0.7688513994216919, -0.32466232776641846], "cam_t_w2c": [-0.04083357998752035, 0.2965361927635968, 499.13573265075684], "depth_scale": 0.1},
  "33": {"cam_K": [614.19298, 0.0, 326.26801, 0.0, 614.19298, 238.851, 0.0, 0.0, 1.0], "cam_R_w2c": [0.8270686864852905, 0.5621009469032288, 4.4703494239684005e-08, 0.18275965750217438, -0.26891034841537476, -0.9456671476364136, -0.5315604209899902, 0.7821316719055176, -0.3251366913318634], "cam_t_w2c": [-0.06263577961362898, 0.5752729484811425, 498.3265995979309], "depth_scale": 0.1},
  "34": {"cam_K": [614.19298, 0.0, 326.26801, 0.0, 614.19298, 238.851, 0.0, 0.0, 1.0], "cam_R_w2c": [0.8436076045036316, 0.5369601845741272, 1.4901162970204496e-08, 0.17477676272392273, -0.27458831667900085, -0.9455445408821106, -0.5077197551727295, 0.7976685762405396, -0.3254929482936859], "cam_t_w2c": [-0.044488133426057175, 0.7984706317074597, 497.6804852485657], "depth_scale": 0.1},
  "35": {"cam_K": [614.19298, 0.0, 326.26801, 0.0, 614.19298, 238.851, 0.0, 0.0, 1.0], "cam_R_w2c": [0.8607372045516968, 0.5090494751930237, 2.980232594040899e-08, 0.1658221036195755, -0.2803838551044464, -0.9454565644264221, -0.48128414154052734, 0.8137896656990051, -0.325748473405838], "cam_t_w2c": [0.006475771442637779, 0.8894586935639381, 497.4183142185211], "depth_scale": 0.1},
  "36": {"cam_K": [614.19298, 0.0, 326.26801, 0.0, 614.19298, 238.851, 0.0, 0.0, 1.0], "cam_R_w2c": [0.876943826675415, 0.48059284687042236, 1.4901162970204496e-08, 0.15663456916809082, -0.2858130633831024, -0.9453975558280945, -0.4543513357639313, 0.8290606141090393, -0.3259194493293762], "cam_t_w2c": [0.059185618738410994, 0.8192280074581504, 497.6238012313843], "depth_scale": 0.1},
  "37": {"cam_K": [614.19298, 0.0, 326.26801, 0.0, 614.19298, 238.851, 0.0, 0.0, 1.0], "cam_R_w2c": [0.8910076022148132, 0.45398834347724915, 1.4901162970204496e-08, 0.14801077544689178, -0.29048919677734375, -0.9453617930412292, -0.4291832745075226, 0.8423245549201965, -0.32602325081825256], "cam_t_w2c": [0.08127054752549157, 0.6113976705819368, 498.2273280620575], "depth_scale": 0.1},
  "38": {"cam_K": [614.19298, 0.0, 326.26801, 0.0, 614.19298, 238.851, 0.0, 0.0, 1.0], "cam_R_w2c": [0.9019843339920044, 0.4317689836025238, 1.4901164746561335e-08, 0.14078980684280396, -0.2941160202026367, -0.9453434944152832, -0.4081699550151825, 0.8526848554611206, -0.3260767161846161], "cam_t_w2c": [0.061850885685998946, 0.33726825495250523, 499.0224242210388], "depth_scale": 0.1},
  "39": {"cam_K": [614.19298, 0.0, 326.26801, 0.0, 614.19298, 238.851, 0.0, 0.0, 1.0], "cam_R_w2c": [0.9091175198554993, 0.4165396988391876, 1.4901162970204496e-08, 0.1358320415019989, -0.296459823846817, -0.9453365802764893, -0.3937702178955078, 0.8594220876693726, -0.3260962665081024], "cam_t_w2c": [0.0215162435779348, 0.09862561273621395, 499.71428513526917], "depth_scale": 0.1},
  "40": {"cam_K": [614.19298, 0.0, 326.26801, 0.0, 614.19298, 238.851, 0.0, 0.0, 1.0], "cam_R_w2c": [0.9116809368133545, 0.41089895367622375, 7.450582373280668e-09, 0.13399378955364227, -0.2972983419895172, -0.9453356862068176, -0.388437420129776, 0.8618444800376892, -0.32609912753105164], "cam_t_w2c": [8.735280832006254e-07, 6.658617479615714e-05, 500.0000596046448], "depth_scale": 0.1},
  "41": {"cam_K": [614.19298, 0.0, 326.26801, 0.0, 614.19298, 238.851, 0.0, 0.0, 1.0], "cam_R_w2c": [0.9044418931007385, 0.42659687995910645, 7.450581485102248e-09, 0.13862094283103943, -0.29389476776123047, -0.9457326531410217, -0.40344661474227905, 0.8553602695465088, -0.32494598627090454], "cam_t_w2c": [-1.6631782054901123, 0.771548948250711, 498.21287393569946], "depth_scale": 0.1},
  "42": {"cam_K": [614.19298, 0.0, 326.26801, 0.0, 614.19298, 238.851, 0.0, 0.0, 1.0], "cam_R_w2c": [0.882777750492096, 0.46979084610939026, 2.980232594040899e-08, 0.15118516981601715, -0.2840900421142578, -0.9468030333518982, -0.44479942321777344, 0.8358166813850403, -0.3218137323856354], "cam_t_w2c": [-6.045008543878794, 2.6698224246501923, 493.8674867153168], "depth_scale": 0.1},
  "43": {"cam_K": [614.19298, 0.0, 326.26801, 0.0, 614.19298, 238.851, 0.0, 0.0, 1.0], "cam_R_w2c": [0.8455930948257446, 0.5338280200958252, 2.980232594040899e-08, 0.16932561993598938, -0.26821476221084595, -0.9483616352081299, -0.5062620639801025, 0.8019279837608337, -0.31719130277633667], "cam_t_w2c": [-12.356524355709553, 4.809721373021603, 489.26037549972534], "depth_scale": 0.1},
  "44": {"cam_K": [614.19298, 0.0, 326.26801, 0.0, 614.19298, 238.851, 0.0, 0.0, 1.0], "cam_R_w2c": [0.7914440631866455, 0.6112416386604309, 1.4901162970204496e-08, 0.19044357538223267, -0.24658893048763275, -0.9502237439155579, -0.5808163285255432, 0.7520489692687988, -0.31156834959983826], "cam_t_w2c": [-19.528232514858246, 6.280679255723953, 486.9082570075989], "depth_scale": 0.1},
  "45": {"cam_K": [614.19298, 0.0, 326.26801, 0.0, 614.19298, 238.851, 0.0, 0.0, 1.0], "cam_R_w2c": [0.719804584980011, 0.6941768527030945, 0.0, 0.2120271623134613, -0.21985481679439545, -0.9522124528884888, -0.661003828048706, 0.6854068636894226, -0.30543678998947144], "cam_t_w2c": [-25.937076658010483, 6.4667570404708385, 488.6610209941864], "depth_scale": 0.1},
  "46": {"cam_K": [614.19298, 0.0, 326.26801, 0.0, 614.19298, 238.851, 0.0, 0.0, 1.0], "cam_R_w2c": [0.6319244503974915, 0.7750299572944641, 0.0, 0.23196059465408325, -0.18913021683692932, -0.9541614651679993, -0.7395037412643433, 0.6029580235481262, -0.2992924153804779], "cam_t_w2c": [-29.6001173555851, 5.241459235548973, 495.00441551208496], "depth_scale": 0.1},
  "47": {"cam_K": [614.19298, 0.0, 326.26801, 0.0, 614.19298, 238.851, 0.0, 0.0, 1.0], "cam_R_w2c": [0.5311922430992126, 0.8472513556480408, 0.0, 0.2487829029560089, -0.1559768170118332, -0.9559175968170166, -0.8099024295806885, 0.5077760815620422, -0.2936353087425232], "cam_t_w2c": [-28.774898499250412, 3.013982204720378, 504.68701124191284], "depth_scale": 0.1},
  "48": {"cam_K": [614.19298, 0.0, 326.26801, 0.0, 614.19298, 238.851, 0.0, 0.0, 1.0], "cam_R_w2c": [0.42298880219459534, 0.9061349630355835, -7.450582373280668e-09, 0.2618448734283447, -0.1222306340932846, -0.9573385715484619, -0.8674778938293457, 0.40494346618652344, -0.288968950510025], "cam_t_w2c": [-22.720830515027046, 0.6356462254188955, 514.7815346717834], "depth_scale": 0.1},
  "49": {"cam_K": [614.19298, 0.0, 326.26801, 0.0, 614.19298, 238.851, 0.0, 0.0, 1.0], "cam_R_w2c": [0.3141256868839264, 0.949381411075592, 0.0, 0.2713317275047302, -0.08977662026882172, -0.9582898616790771, -0.9097825884819031, 0.3010234534740448, -0.28579840064048767], "cam_t_w2c": [-12.282760813832283, -0.775422784499824, 521.1599469184875], "depth_scale": 0.1},
  "50": {"cam_K": [614.19298, 0.0, 326.26801, 0.0, 614.19298, 238.851, 0.0, 0.0, 1.0], "cam_R_w2c": [0.21206822991371155, 0.9772548675537109, -1.1175872671742582e-08, 0.2781555950641632, -0.06036088615655899, -0.9586376547813416, -0.9368333220481873, 0.20329658687114716, -0.28462955355644226], "cam_t_w2c": [-6.25921592334322e-07, -4.526673436089368e-05, 519.1870927810669], "depth_scale": 0.1},
  "51": {"cam_K": [614.19298, 0.0, 326.26801, 0.0, 614.19298, 238.851, 0.0, 0.0, 1.0], "cam_R_w2c": [0.1230723112821579, 0.992397665977478, -1.1175871783564162e-08, 0.28572195768356323, -0.035433851182460785, -0.9576572775840759, -0.9503769278526306, 0.11786109954118729, -0.28791072964668274], "cam_t_w2c": [9.63238999247551, 1.742555177770555, 512.5264525413513], "depth_scale": 0.1},
  "52": {"cam_K": [614.19298, 0.0, 326.26801, 0.0, 614.19298, 238.851, 0.0, 0.0, 1.0], "cam_R_w2c": [0.04829144477844238, 0.9988332390785217, -1.210719435817964e-08, 0.2964535355567932, -0.014332902617752552, -0.9549397826194763, -0.9538255929946899, 0.046115417033433914, -0.29679980874061584], "cam_t_w2c": [15.13484213501215, 2.6136632077395916, 507.69299268722534], "depth_scale": 0.1},
  "53": {"cam_K": [614.19298, 0.0, 326.26801, 0.0, 614.19298, 238.851, 0.0, 0.0, 1.0], "cam_R_w2c": [-0.012964047491550446, 0.9999159574508667, -1.210719524635806e-08, 0.30982649326324463, 0.004016931634396315, -0.9507847428321838, -0.9507047533988953, -0.012326022610068321, -0.3098525106906891], "cam_t_w2c": [17.355242744088173, 2.867127303034067, 504.34237718582153], "depth_scale": 0.1},
  "54": {"cam_K": [614.19298, 0.0, 326.26801, 0.0, 614.19298, 238.851, 0.0, 0.0, 1.0], "cam_R_w2c": [-0.06182960420846939, 0.9980867505073547, -1.3038517820973539e-08, 0.3250007927417755, 0.020133180543780327, -0.9454994797706604, -0.9436904191970825, -0.05845986679196358, -0.3256238102912903], "cam_t_w2c": [17.04404503107071, 2.699286676943302, 502.14749574661255], "depth_scale": 0.1},
  "55": {"cam_K": [614.19298, 0.0, 326.26801, 0.0, 614.19298, 238.851, 0.0, 0.0, 1.0], "cam_R_w2c": [-0.09966801851987839, 0.9950207471847534, -1.4901162970204496e-08, 0.34097781777381897, 0.03415463864803314, -0.939450740814209, -0.9347729682922363, -0.09363319724798203, -0.3426841199398041], "cam_t_w2c": [14.902512542903423, 2.2689837496727705, 500.81348419189453], "depth_scale": 0.1},
  "56": {"cam_K": [614.19298, 0.0, 326.26801, 0.0, 614.19298, 238.851, 0.0, 0.0, 1.0], "cam_R_w2c": [-0.1279371827840805, 0.9917823076248169, -7.450581485102248e-09, 0.35667699575424194, 0.0460103414952755, -0.9330941438674927, -0.925426185131073, -0.11937744170427322, -0.35963234305381775], "cam_t_w2c": [11.60903088748455, 1.7085745930671692, 500.08624792099], "depth_scale": 0.1},
  "57": {"cam_K": [614.19298, 0.0, 326.26801, 0.0, 614.19298, 238.851, 0.0, 0.0, 1.0], "cam_R_w2c": [-0.14811785519123077, 0.9889696836471558, -7.450581485102248e-09, 0.370964914560318, 0.05555935949087143, -0.9269834160804749, -0.9167585372924805, -0.13730280101299286, -0.3751024901866913], "cam_t_w2c": [7.829129695892334, 1.1285168584436178, 499.75937604904175], "depth_scale": 0.1},
  "58": {"cam_K": [614.19298, 0.0, 326.26801, 0.0, 614.19298, 238.851, 0.0, 0.0, 1.0], "cam_R_w2c": [-0.16167877614498138, 0.9868434071540833, -1.1175872671742582e-08, 0.38266322016716003, 0.06269334256649017, -0.9217584133148193, -0.9096312522888184, -0.14902877807617188, -0.38776490092277527], "cam_t_w2c": [4.214828833937645, 0.6148795364424586, 499.6817409992218], "depth_scale": 0.1},
  "59": {"cam_K": [614.19298, 0.0, 326.26801, 0.0, 614.19298, 238.851, 0.0, 0.0, 1.0], "cam_R_w2c": [-0.17006909847259521, 0.9854320883750916, -1.862645326866641e-08, 0.3905423581600189, 0.06740106642246246, -0.9181142449378967, -0.9047393202781677, -0.15614286065101624, -0.3963158428668976], "cam_t_w2c": [1.4009070582687855, 0.2277073945151642, 499.76590275764465], "depth_scale": 0.1},
  "60": {"cam_K": [614.19298, 0.0, 326.26801, 0.0, 614.19298, 238.851, 0.0, 0.0, 1.0], "cam_R_w2c": [-0.17471815645694733, 0.9846184849739075, 7.450581485102248e-09, 0.393313467502594, 0.06979253143072128, -0.9167516827583313, -0.9026506543159485, -0.1601731777191162, -0.39945775270462036], "cam_t_w2c": [1.640152191839661e-05, 4.6619387461532824e-05, 500.0000596046448], "depth_scale": 0.1},
  "61": {"cam_K": [614.19298, 0.0, 326.26801, 0.0, 614.19298, 238.851, 0.0, 0.0, 1.0], "cam_R_w2c": [-0.17765448987483978, 0.9840929508209229, 1.4901164746561335e-08, 0.39176708459854126, 0.07072419673204422, -0.9173424243927002, -0.9027501344680786, -0.16296997666358948, -0.3980996906757355], "cam_t_w2c": [-0.40299445390701294, -0.1155598001787439, 500.2483129501343], "depth_scale": 0.1},
  "62": {"cam_K": [614.19298, 0.0, 326.26801, 0.0, 614.19298, 238.851, 0.0, 0.0, 1.0], "cam_R_w2c": [-0.1800045669078827, 0.9836658239364624, 1.4901164746561335e-08, 0.38796693086624146, 0.07099549472332001, -0.9189350605010986, -0.9039248824119568, -0.16541250050067902, -0.39440929889678955], "cam_t_w2c": [-0.6380380364134908, -0.18184183863922954, 500.360906124115], "depth_scale": 0.1},
  "63": {"cam_K": [614.19298, 0.0, 326.26801, 0.0, 614.19298, 238.851, 0.0, 0.0, 1.0], "cam_R_w2c": [-0.1818341165781021, 0.983329176902771, 1.4901162970204496e-08, 0.3824749290943146, 0.07072606682777405, -0.9212550520896912, -0.9058969616889954, -0.1675156056880951, -0.3889591693878174], "cam_t_w2c": [-0.7331327651627362, -0.20699606102425605, 500.37485361099243], "depth_scale": 0.1},
  "64": {"cam_K": [614.19298, 0.0, 326.26801, 0.0, 614.19298, 238.851, 0.0, 0.0, 1.0], "cam_R_w2c": [-0.1832083910703659, 0.9830741286277771, 1.4901164746561335e-08, 0.3758518099784851, 0.07004478573799133, -0.9240289330482483, -0.9083888530731201, -0.16928982734680176, -0.3823229968547821], "cam_t_w2c": [-0.7178861415013671, -0.2005746791837737, 500.327467918396], "depth_scale": 0.1},
  "65": {"cam_K": [614.19298, 0.0, 326.26801, 0.0, 614.19298, 238.851, 0.0, 0.0, 1.0], "cam_R_w2c": [-0.18419316411018372, 0.9828900098800659, 2.2351743567128324e-08, 0.3686610758304596, 0.0690869390964508, -0.9269930124282837, -0.9111322164535522, -0.17074577510356903, -0.3750786781311035], "cam_t_w2c": [-0.6222536903806031, -0.172117943293415, 500.25081634521484], "depth_scale": 0.1},
  "66": {"cam_K": [614.19298, 0.0, 326.26801, 0.0, 614.19298, 238.851, 0.0, 0.0, 1.0], "cam_R_w2c": [-0.18485291302204132, 0.9827662110328674, 2.2351745343485163e-08, 0.3614726662635803, 0.06799103319644928, -0.9299005270004272, -0.9138748049736023, -0.17189481854438782, -0.3678114116191864], "cam_t_w2c": [-0.47701672883704305, -0.13082999794278294, 500.1693367958069], "depth_scale": 0.1},
  "67": {"cam_K": [614.19298, 0.0, 326.26801, 0.0, 614.19298, 238.851, 0.0, 0.0, 1.0], "cam_R_w2c": [-0.18525330722332, 0.9826907515525818, 1.862645326866641e-08, 0.35486283898353577, 0.06689748167991638, -0.9325219988822937, -0.916380763053894, -0.17275278270244598, -0.36111342906951904], "cam_t_w2c": [-0.31221413519233465, -0.0850628930493258, 500.09846687316895], "depth_scale": 0.1},
  "68": {"cam_K": [614.19298, 0.0, 326.26801, 0.0, 614.19298, 238.851, 0.0, 0.0, 1.0], "cam_R_w2c": [-0.18545879423618317, 0.9826520085334778, 2.2351743567128324e-08, 0.3494149148464203, 0.06594610959291458, -0.9346445202827454, -0.9184303879737854, -0.17333805561065674, -0.3555835485458374], "cam_t_w2c": [-0.1581638935022056, -0.04294458994991146, 500.0454783439636], "depth_scale": 0.1},
  "69": {"cam_K": [614.19298, 0.0, 326.26801, 0.0, 614.19298, 238.851, 0.0, 0.0, 1.0], "cam_R_w2c": [-0.18553446233272552, 0.9826377630233765, 1.862645504502325e-08, 0.3457154333591461, 0.06527548283338547, -0.9360663294792175, -0.9198141098022461, -0.17367257177829742, -0.35182392597198486], "cam_t_w2c": [-0.04438168980414048, -0.01195578897750238, 500.01221895217896], "depth_scale": 0.1},
  "70": {"cam_K": [614.19298, 0.0, 326.26801, 0.0, 614.19298, 238.851, 0.0, 0.0, 1.0], "cam_R_w2c": [-0.18554523587226868, 0.9826356768608093, -3.725290653733282e-08, 0.34435224533081055, 0.06502195447683334, -0.9365862011909485, -0.9203230738639832, -0.17377914488315582, -0.35043737292289734], "cam_t_w2c": [-7.646691280172035e-06, 6.0297686843568954e-05, 500.0000596046448], "depth_scale": 0.1},
  "71": {"cam_K": [614.19298, 0.0, 326.26801, 0.0, 614.19298, 238.851, 0.0, 0.0, 1.0], "cam_R_w2c": [-0.17860449850559235, 0.9839209318161011, -3.725290653733282e-08, 0.35947132110595703, 0.06525237113237381, -0.9308719635009766, -0.9159044027328491, -0.16625794768333435, -0.3653457760810852], "cam_t_w2c": [-1.4163817977532744, 0.3374026564415544, 497.36788868904114], "depth_scale": 0.1},
  "72": {"cam_K": [614.19298, 0.0, 326.26801, 0.0, 614.19298, 238.851, 0.0, 0.0, 1.0], "cam_R_w2c": [-0.1597215235233307, 0.9871621131896973, -3.72529100900465e-08, 0.4009222686290741, 0.06486865878105164, -0.9138126373291016, -0.9020812511444092, -0.14595556259155273, -0.4061361849308014], "cam_t_w2c": [-4.922973923385143, 1.4672294491901994, 490.73898792266846], "depth_scale": 0.1},
  "73": {"cam_K": [614.19298, 0.0, 326.26801, 0.0, 614.19298, 238.851, 0.0, 0.0, 1.0], "cam_R_w2c": [-0.13178908824920654, 0.991277813911438, -3.3527619791584584e-08, 0.46229055523872375, 0.061460889875888824, -0.8845961093902588, -0.8768804669380188, -0.11658011376857758, -0.4663582444190979], "cam_t_w2c": [-9.127218276262283, 3.7375076208263636, 482.6403260231018], "depth_scale": 0.1},
  "74": {"cam_K": [614.19298, 0.0, 326.26801, 0.0, 614.19298, 238.851, 0.0, 0.0, 1.0], "cam_R_w2c": [-0.09773213416337967, 0.995212733745575, -2.980232949312267e-08, 0.536483883857727, 0.05268390104174614, -0.8422646522521973, -0.8382324576377869, -0.0823163315653801, -0.5390644669532776], "cam_t_w2c": [-12.623507529497147, 7.175732869654894, 475.84420442581177], "depth_scale": 0.1},
  "75": {"cam_K": [614.19298, 0.0, 326.26801, 0.0, 614.19298, 238.851, 0.0, 0.0, 1.0], "cam_R_w2c": [-0.06054075062274933, 0.9981657266616821, -3.539026138810186e-08, 0.6160609126091003, 0.037365298718214035, -0.7868118286132812, -0.7853686809539795, -0.04763420671224594, -0.6171929240226746], "cam_t_w2c": [-14.340873807668686, 11.098755523562431, 472.64668345451355], "depth_scale": 0.1},
  "76": {"cam_K": [614.19298, 0.0, 326.26801, 0.0, 614.19298, 238.851, 0.0, 0.0, 1.0], "cam_R_w2c": [-0.023265331983566284, 0.999729335308075, -3.445894236620006e-08, 0.6939205527305603, 0.01614863984286785, -0.7198706269264221, -0.7196757793426514, -0.016748053953051567, -0.6941083669662476], "cam_t_w2c": [-13.763959519565105, 14.1895217821002, 474.2133319377899], "depth_scale": 0.1},
  "77": {"cam_K": [614.19298, 0.0, 326.26801, 0.0, 614.19298, 238.851, 0.0, 0.0, 1.0], "cam_R_w2c": [0.011017652228474617, 0.9999392628669739, -3.445894236620006e-08, 0.7641768455505371, -0.00841996818780899, -0.6449519395828247, -0.6449127793312073, 0.007105829659849405, -0.7642232179641724], "cam_t_w2c": [-11.03026419878006, 14.997288584709167, 480.1678955554962], "depth_scale": 0.1},
  "78": {"cam_K": [614.19298, 0.0, 326.26801, 0.0, 614.19298, 238.851, 0.0, 0.0, 1.0], "cam_R_w2c": [0.03924275189638138, 0.9992296695709229, -3.539026138810186e-08, 0.8229008913040161, -0.032317809760570526, -0.5672652125358582, -0.5668282508850098, 0.02226102165877819, -0.8235353231430054], "cam_t_w2c": [-6.911234930157661, 12.618863955140114, 488.5839819908142], "depth_scale": 0.1},
  "79": {"cam_K": [614.19298, 0.0, 326.26801, 0.0, 614.19298, 238.851, 0.0, 0.0, 1.0], "cam_R_w2c": [0.05837918072938919, 0.998294472694397, -3.725290653733282e-08, 0.8684150576591492, -0.05078398808836937, -0.4932306706905365, -0.49238941073417664, 0.028794368728995323, -0.8698986172676086], "cam_t_w2c": [-2.6967646554112434, 7.208672817796469, 496.38843536376953], "depth_scale": 0.1},
  "80": {"cam_K": [614.19298, 0.0, 326.26801, 0.0, 614.19298, 238.851, 0.0, 0.0, 1.0], "cam_R_w2c": [0.06542424112558365, 0.9978575706481934, -3.539026138810186e-08, 0.9009614586830139, -0.05907130241394043, -0.4298593997955322, -0.4289384186267853, 0.028123194351792336, -0.9028959274291992], "cam_t_w2c": [-4.225024596848925e-05, -1.2431993212658199e-05, 500.0000596046448], "depth_scale": 0.1},
  "81": {"cam_K": [614.19298, 0.0, 326.26801, 0.0, 614.19298, 238.851, 0.0, 0.0, 1.0], "cam_R_w2c": [0.061613090336322784, 0.9981001019477844, -3.725290653733282e-08, 0.9236690402030945, -0.057018447667360306, -0.37892550230026245, -0.3782055974006653, 0.023346735164523125, -0.925427258014679], "cam_t_w2c": [1.3006394729018211, -7.674132939428091, 501.03187561035156], "depth_scale": 0.1},
  "82": {"cam_K": [614.19298, 0.0, 326.26801, 0.0, 614.19298, 238.851, 0.0, 0.0, 1.0], "cam_R_w2c": [0.05126429349184036, 0.9986851215362549, -3.725290653733282e-08, 0.9401645660400391, -0.048260338604450226, -0.33728569746017456, -0.33684220910072327, 0.01729067787528038, -0.9414023756980896], "cam_t_w2c": [2.296753227710724, -15.318681485950947, 502.8502941131592], "depth_scale": 0.1},
  "83": {"cam_K": [614.19298, 0.0, 326.26801, 0.0, 614.19298, 238.851, 0.0, 0.0, 1.0], "cam_R_w2c": [0.03600350767374039, 0.9993516206741333, -3.539026138810186e-08, 0.9519307613372803, -0.03429509326815605, -0.30438756942749023, -0.3041902184486389, 0.010958985425531864, -0.9525483846664429], "cam_t_w2c": [2.9173181392252445, -22.36006036400795, 504.78410720825195], "depth_scale": 0.1},
  "84": {"cam_K": [614.19298, 0.0, 326.26801, 0.0, 614.19298, 238.851, 0.0, 0.0, 1.0], "cam_R_w2c": [0.017461678013205528, 0.9998475313186646, -3.725290653733282e-08, 0.9600222706794739, -0.016766168177127838, -0.2794214189052582, -0.2793787717819214, 0.004879131447523832, -0.9601686000823975], "cam_t_w2c": [3.219535108655691, -28.161300346255302, 506.4300298690796], "depth_scale": 0.1},
  "85": {"cam_K": [614.19298, 0.0, 326.26801, 0.0, 614.19298, 238.851, 0.0, 0.0, 1.0], "cam_R_w2c": [-0.002722661243751645, 0.9999963045120239, -3.707828355459242e-08, 0.9652231931686401, 0.0026279755402356386, -0.26141420006752014, -0.26141324639320374, -0.0007117780041880906, -0.9652267694473267], "cam_t_w2c": [3.2863300293684006, -32.06396847963333, 507.5475573539734], "depth_scale": 0.1},
  "86": {"cam_K": [614.19298, 0.0, 326.26801, 0.0, 614.19298, 238.851, 0.0, 0.0, 1.0], "cam_R_w2c": [-0.02290613204240799, 0.9997376203536987, -3.678724525002508e-08, 0.9681743383407593, 0.022182941436767578, -0.24929183721542358, -0.2492264062166214, -0.005710347555577755, -0.9684284329414368], "cam_t_w2c": [3.16204153932631, -33.40550884604454, 507.97808170318604], "depth_scale": 0.1},
  "87": {"cam_K": [614.19298, 0.0, 326.26801, 0.0, 614.19298, 238.851, 0.0, 0.0, 1.0], "cam_R_w2c": [-0.041444987058639526, 0.9991407990455627, -3.72529100900465e-08, 0.9694626927375793, 0.04021391272544861, -0.24191972613334656, -0.24171185493469238, -0.010026395320892334, -0.9702963829040527], "cam_t_w2c": [2.826885087415576, -31.52582049369812, 507.588267326355], "depth_scale": 0.1},
  "88": {"cam_K": [614.19298, 0.0, 326.26801, 0.0, 614.19298, 238.851, 0.0, 0.0, 1.0], "cam_R_w2c": [-0.05670179799199104, 0.9983912110328674, -3.632158751543102e-08, 0.9696711897850037, 0.05507069081068039, -0.23812858760356903, -0.2377454787492752, -0.013502354733645916, -0.9712337851524353], "cam_t_w2c": [2.211989602074027, -25.76877921819687, 506.2360167503357], "depth_scale": 0.1},
  "89": {"cam_K": [614.19298, 0.0, 326.26801, 0.0, 614.19298, 238.851, 0.0, 0.0, 1.0], "cam_R_w2c": [-0.0670473724603653, 0.9977498054504395, -3.725290653733282e-08, 0.9693890810012817, 0.06514156609773636, -0.23673096299171448, -0.2361982762813568, -0.015872225165367126, -0.9715753793716431], "cam_t_w2c": [1.255414797924459, -15.479863621294498, 503.76152992248535], "depth_scale": 0.1},
  "90": {"cam_K": [614.19298, 0.0, 326.26801, 0.0, 614.19298, 238.851, 0.0, 0.0, 1.0], "cam_R_w2c": [-0.07085714489221573, 0.9974864721298218, -1.862645371275562e-09, 0.9691817164421082, 0.06884650886058807, -0.23653121292591095, -0.23593668639659882, -0.016759930178523064, -0.971623957157135], "cam_t_w2c": [-3.775698420582785e-06, -2.6396348995483265e-07, 500.0000596046448], "depth_scale": 0.1},
  "91": {"cam_K": [614.19298, 0.0, 326.26801, 0.0, 614.19298, 238.851, 0.0, 0.0, 1.0], "cam_R_w2c": [-0.008694106712937355, 0.9999622106552124, -2.7939681679356454e-09, 0.9708781242370605, 0.008441234938800335, -0.23942534625530243, -0.23941630125045776, -0.0020815918687731028, -0.9709147810935974], "cam_t_w2c": [-4.680096171796322, 22.57596142590046, 494.260311126709], "depth_scale": 0.1},
  "92": {"cam_K": [614.19298, 0.0, 326.26801, 0.0, 614.19298, 238.851, 0.0, 0.0, 1.0], "cam_R_w2c": [0.15951088070869446, 0.9871962070465088, -3.725290742551124e-09, 0.9564797282218933, -0.15454773604869843, -0.24751074612140656, -0.2443416714668274, 0.03948066011071205, -0.9688852429389954], "cam_t_w2c": [-8.704044856131077, 52.026379853487015, 486.08994483947754], "depth_scale": 0.1},
  "93": {"cam_K": [614.19298, 0.0, 326.26801, 0.0, 614.19298, 238.851, 0.0, 0.0, 1.0], "cam_R_w2c": [0.39776986837387085, 0.917485237121582, -7.450582373280668e-09, 0.8859611749649048, -0.38410279154777527, -0.2598809003829956, -0.23843684792518616, 0.10337276756763458, -0.9656408429145813], "cam_t_w2c": [-2.7096194680780172, 82.51511305570602, 476.5784442424774], "depth_scale": 0.1},
  "94": {"cam_K": [614.19298, 0.0, 326.26801, 0.0, 614.19298, 238.851, 0.0, 0.0, 1.0], "cam_R_w2c": [0.6528254151344299, 0.757508397102356, -1.4901164746561335e-08, 0.7281674742698669, -0.6275392770767212, -0.27562081813812256, -0.2087850570678711, 0.17993225157260895, -0.9612665772438049], "cam_t_w2c": [16.157817095518112, 103.92606258392334, 468.38125586509705], "depth_scale": 0.1},
  "95": {"cam_K": [614.19298, 0.0, 326.26801, 0.0, 614.19298, 238.851, 0.0, 0.0, 1.0], "cam_R_w2c": [0.8625046014785767, 0.5060491561889648, 1.4901162970204496e-08, 0.483713299036026, -0.8244357109069824, -0.2938152551651001, -0.14868494868278503, 0.2534170150756836, -0.955862283706665], "cam_t_w2c": [41.17926582694054, 106.97492957115173, 464.812695980072], "depth_scale": 0.1},
  "96": {"cam_K": [614.19298, 0.0, 326.26801, 0.0, 614.19298, 238.851, 0.0, 0.0, 1.0], "cam_R_w2c": [0.9797258377075195, 0.20034290850162506, 3.725290742551124e-09, 0.1902395635843277, -0.9303180575370789, -0.3135560154914856, -0.06281872093677521, 0.3071989417076111, -0.9495697617530823], "cam_t_w2c": [59.42193046212196, 90.12401103973389, 467.6854908466339], "depth_scale": 0.1},
  "97": {"cam_K": [614.19298, 0.0, 326.26801, 0.0, 614.19298, 238.851, 0.0, 0.0, 1.0], "cam_R_w2c": [0.9949526190757751, -0.10034631192684174, -3.725291186640334e-09, -0.09458553791046143, -0.9378334283828735, -0.33394956588745117, 0.03351060673594475, 0.3322639763355255, -0.9425910711288452], "cam_t_w2c": [60.52791327238083, 61.396289616823196, 475.76481103897095], "depth_scale": 0.1},
  "98": {"cam_K": [614.19298, 0.0, 326.26801, 0.0, 614.19298, 238.851, 0.0, 0.0, 1.0], "cam_R_w2c": [0.9395765662193298, -0.34233883023262024, 7.450581485102248e-09, -0.3201548755168915, -0.8786908984184265, -0.3541232943534851, 0.12123017013072968, 0.3327259421348572, -0.9351988434791565], "cam_t_w2c": [43.97881403565407, 32.72448107600212, 485.57063937187195], "depth_scale": 0.1},
  "99": {"cam_K": [614.19298, 0.0, 326.26801, 0.0, 614.19298, 238.851, 0.0, 0.0, 1.0], "cam_R_w2c": [0.8686652779579163, -0.4953994154930115, 0.0, -0.45960119366645813, -0.8058944344520569, -0.3732306659221649, 0.184898242354393, 0.32421252131462097, -0.9277386665344238], "cam_t_w2c": [19.188877195119858, 12.030551210045815, 493.95692348480225], "depth_scale": 0.1},
  "100": {"cam_K": [614.19298, 0.0, 326.26801, 0.0, 614.19298, 238.851, 0.0, 0.0, 1.0], "cam_R_w2c": [0.8361791968345642, -0.5484563112258911, -1.4901162970204496e-08, -0.5049214363098145, -0.7698057889938354, -0.390453040599823, 0.2141464352607727, 0.3264887034893036, -0.9206228256225586], "cam_t_w2c": [-1.7884163039383338e-06, -1.654636072601079e-05, 500.0], "depth_scale": 0.1},
  "101": {"cam_K": [614.19298, 0.0, 326.26801, 0.0, 614.19298, 238.851, 0.0, 0.0, 1.0], "cam_R_w2c": [0.8408368825912476, -0.5412885546684265, 1.4901162970204496e-08, -0.49483633041381836, -0.7686780691146851, -0.4053037762641907, 0.21938630938529968, 0.3407943546772003, -0.9141821265220642], "cam_t_w2c": [-10.22541243582964, -8.215013891458511, 505.12993335723877], "depth_scale": 0.1},
  "102": {"cam_K": [614.19298, 0.0, 326.26801, 0.0, 614.19298, 238.851, 0.0, 0.0, 1.0], "cam_R_w2c": [0.8531685471534729, -0.5216354131698608, -1.4901164746561335e-08, -0.47375205159187317, -0.7748522162437439, -0.41852518916130066, 0.21831753849983215, 0.35707247257232666, -0.9082053899765015], "cam_t_w2c": [-17.028948292136192, -15.412663109600544, 510.1524591445923], "depth_scale": 0.1},
