{
  "1": {"cam_K": [614.19298, 0.0, 326.26801, 0.0, 614.19298, 238.851, 0.0, 0.0, 1.0], "cam_R_w2c": [-0.28776466846466064, 0.9577011466026306, 7.450581485102248e-09, 0.21856196224689484, 0.06567227840423584, -0.9736107587814331, -0.9324281215667725, -0.28017082810401917, -0.22821521759033203], "cam_t_w2c": [0.012147008419560734, 486.7869019508362, 1114.1365766525269], "depth_scale": 0.1},
  "2": {"cam_K": [614.19298, 0.0, 326.26801, 0.0, 614.19298, 238.851, 0.0, 0.0, 1.0], "cam_R_w2c": [-0.2869918942451477, 0.9579329490661621, -7.450580596923828e-09, 0.22002460062503815, 0.06591826677322388, -0.9732645153999329, -0.9323222637176514, -0.27931907773017883, -0.22968687117099762], "cam_t_w2c": [0.046790341002633795, 486.56028509140015, 1114.9547100067139], "depth_scale": 0.1},
  "3": {"cam_K": [614.19298, 0.0, 326.26801, 0.0, 614.19298, 238.851, 0.0, 0.0, 1.0], "cam_R_w2c": [-0.2857477366924286, 0.9583048820495605, 3.725290298461914e-09, 0.2223796546459198, 0.06630925089120865, -0.9727025628089905, -0.9321456551551819, -0.2779475748538971, -0.23205523192882538], "cam_t_w2c": [0.10082801600219682, 486.193984746933, 1116.2699460983276], "depth_scale": 0.1},
  "4": {"cam_K": [614.19298, 0.0, 326.26801, 0.0, 614.19298, 238.851, 0.0, 0.0, 1.0], "cam_R_w2c": [-0.28406786918640137, 0.9588041305541992, 3.725290298461914e-09, 0.225559264421463, 0.06682714819908142, -0.9719346761703491, -0.9318950772285461, -0.276095449924469, -0.23525063693523407], "cam_t_w2c": [0.1720477157505229, 485.69586873054504, 1118.0452108383179], "depth_scale": 0.1},
  "5": {"cam_K": [614.19298, 0.0, 326.26801, 0.0, 614.19298, 238.851, 0.0, 0.0, 1.0], "cam_R_w2c": [-0.28198811411857605, 0.9594178795814514, 0.0, 0.22949595749378204, 0.06745250523090363, -0.9709694981575012, -0.9315655827522278, -0.27380192279815674, -0.2392033487558365], "cam_t_w2c": [0.25853075203485787, 485.0723147392273, 1120.2452182769775], "depth_scale": 0.1},
  "6": {"cam_K": [614.19298, 0.0, 326.26801, 0.0, 614.19298, 238.851, 0.0, 0.0, 1.0], "cam_R_w2c": [-0.2795439064502716, 0.9601329565048218, 7.450581485102248e-09, 0.23412148654460907, 0.06816477328538895, -0.9698147177696228, -0.9311511516571045, -0.2711058557033539, -0.24384279549121857], "cam_t_w2c": [0.358307093847543, 484.33032631874084, 1122.8349208831787], "depth_scale": 0.1},
  "7": {"cam_K": [614.19298, 0.0, 326.26801, 0.0, 614.19298, 238.851, 0.0, 0.0, 1.0], "cam_R_w2c": [-0.276770681142807, 0.9609360098838806, 0.0, 0.23936811089515686, 0.06894328445196152, -0.9684780836105347, -0.9306455254554749, -0.26804637908935547, -0.24909892678260803], "cam_t_w2c": [0.46973509597592056, 483.47556591033936, 1125.7802248001099], "depth_scale": 0.1},
  "8": {"cam_K": [614.19298, 0.0, 326.26801, 0.0, 614.19298, 238.851, 0.0, 0.0, 1.0], "cam_R_w2c": [-0.2737043499946594, 0.9618139266967773, 0.0, 0.2451675534248352, 0.06976757943630219, -0.9669671058654785, -0.9300424456596375, -0.26466313004493713, -0.25490128993988037], "cam_t_w2c": [0.5912534543313086, 482.5141429901123, 1129.0465593338013], "depth_scale": 0.1},
  "9": {"cam_K": [614.19298, 0.0, 326.26801, 0.0, 614.19298, 238.851, 0.0, 0.0, 1.0], "cam_R_w2c": [-0.2703801691532135, 0.9627536535263062, 7.450581485102248e-09, 0.2514512836933136, 0.0706176906824112, -0.965290367603302, -0.9293369054794312, -0.26099538803100586, -0.2611792981624603], "cam_t_w2c": [0.7209510658867657, 481.45297169685364, 1132.5982809066772], "depth_scale": 0.1},
  "10": {"cam_K": [614.19298, 0.0, 326.26801, 0.0, 614.19298, 238.851, 0.0, 0.0, 1.0], "cam_R_w2c": [-0.26683416962623596, 0.9637424349784851, -7.450581485102248e-09, 0.2581509053707123, 0.07147499173879623, -0.9634569883346558, -0.9285244345664978, -0.2570832669734955, -0.267863005399704], "cam_t_w2c": [0.8573791710659862, 480.2989363670349, 1136.399269104004], "depth_scale": 0.1},
  "11": {"cam_K": [614.19298, 0.0, 326.26801, 0.0, 614.19298, 238.851, 0.0, 0.0, 1.0], "cam_R_w2c": [-0.2631019949913025, 0.9647680521011353, 7.450581485102248e-09, 0.26519739627838135, 0.07232202589511871, -0.9614779949188232, -0.9276032447814941, -0.25296682119369507, -0.274882048368454], "cam_t_w2c": [0.9984021307900548, 479.0606498718262, 1140.411138534546], "depth_scale": 0.1},
  "12": {"cam_K": [614.19298, 0.0, 326.26801, 0.0, 614.19298, 238.851, 0.0, 0.0, 1.0], "cam_R_w2c": [-0.25921985507011414, 0.9658183455467224, 7.450581485102248e-09, 0.2725222110748291, 0.07314332574605942, -0.9593653678894043, -0.9265726804733276, -0.2486865520477295, -0.2821671962738037], "cam_t_w2c": [1.1422015959396958, 477.7470827102661, 1144.594430923462], "depth_scale": 0.1},
  "13": {"cam_K": [614.19298, 0.0, 326.26801, 0.0, 614.19298, 238.851, 0.0, 0.0, 1.0], "cam_R_w2c": [-0.25522372126579285, 0.9668819904327393, 7.450580596923828e-09, 0.2800562381744385, 0.07392524182796478, -0.9571329951286316, -0.9254347085952759, -0.2442830502986908, -0.2896488308906555], "cam_t_w2c": [1.28633389249444, 476.3692021369934, 1148.9070653915405], "depth_scale": 0.1},
  "14": {"cam_K": [614.19298, 0.0, 326.26801, 0.0, 614.19298, 238.851, 0.0, 0.0, 1.0], "cam_R_w2c": [-0.2511501908302307, 0.9679480791091919, -7.450580596923828e-09, 0.2877306044101715, 0.07465648651123047, -0.9547970294952393, -0.9241940379142761, -0.23979750275611877, -0.29725831747055054], "cam_t_w2c": [1.4285609358921647, 474.93940591812134, 1153.3052921295166], "depth_scale": 0.1},
  "15": {"cam_K": [614.19298, 0.0, 326.26801, 0.0, 614.19298, 238.851, 0.0, 0.0, 1.0], "cam_R_w2c": [-0.24703539907932281, 0.9690064191818237, 0.0, 0.295476496219635, 0.07532782852649689, -0.952375590801239, -0.9228581786155701, -0.23527051508426666, -0.3049272894859314], "cam_t_w2c": [1.565663842484355, 473.4719395637512, 1157.7430963516235], "depth_scale": 0.1},
  "16": {"cam_K": [614.19298, 0.0, 326.26801, 0.0, 614.19298, 238.851, 0.0, 0.0, 1.0], "cam_R_w2c": [-0.24291615188121796, 0.9700472950935364, 0.0, 0.30322569608688354, 0.0759328082203865, -0.9498886466026306, -0.9214369654655457, -0.23074328899383545, -0.3125886023044586], "cam_t_w2c": [1.6947400290519, 471.98233008384705, 1162.171721458435], "depth_scale": 0.1},
  "17": {"cam_K": [614.19298, 0.0, 326.26801, 0.0, 614.19298, 238.851, 0.0, 0.0, 1.0], "cam_R_w2c": [-0.23882929980754852, 0.9710615277290344, 0.0, 0.3109094202518463, 0.0764671191573143, -0.9473584890365601, -0.9199435114860535, -0.22625698149204254, -0.32017481327056885], "cam_t_w2c": [1.8123789923265576, 470.4890847206116, 1166.5403842926025], "depth_scale": 0.1},
  "18": {"cam_K": [614.19298, 0.0, 326.26801, 0.0, 614.19298, 238.851, 0.0, 0.0, 1.0], "cam_R_w2c": [-0.23481181263923645, 0.9720408916473389, -7.450581485102248e-09, 0.31846004724502563, 0.07692904770374298, -0.94480961561203, -0.918393611907959, -0.22185246646404266, -0.3276200294494629], "cam_t_w2c": [1.9147384446114302, 469.01199221611023, 1170.7959175109863], "depth_scale": 0.1},
  "19": {"cam_K": [614.19298, 0.0, 326.26801, 0.0, 614.19298, 238.851, 0.0, 0.0, 1.0], "cam_R_w2c": [-0.2309006005525589, 0.972977340221405, 0.0, 0.32581016421318054, 0.07731913030147552, -0.9422682523727417, -0.9168057441711426, -0.21757030487060547, -0.3348589539527893], "cam_t_w2c": [1.9975162576884031, 467.572957277298, 1174.8833656311035], "depth_scale": 0.1},
  "20": {"cam_K": [614.19298, 0.0, 326.26801, 0.0, 614.19298, 238.851, 0.0, 0.0, 1.0], "cam_R_w2c": [-0.227133110165596, 0.9738637208938599, -7.450581485102248e-09, 0.3328924775123596, 0.0776401236653328, -0.939763069152832, -0.9152013063430786, -0.2134513258934021, -0.34182658791542053], "cam_t_w2c": [2.056325785815716, 466.19629859924316, 1178.745150566101], "depth_scale": 0.1},
  "21": {"cam_K": [614.19298, 0.0, 326.26801, 0.0, 614.19298, 238.851, 0.0, 0.0, 1.0], "cam_R_w2c": [-0.2235463410615921, 0.9746932983398438, 0.0, 0.33964067697525024, 0.07789675146341324, -0.9373239874839783, -0.9136034846305847, -0.2095353752374649, -0.34845903515815735], "cam_t_w2c": [2.085921121761203, 464.9074375629425, 1182.3222637176514], "depth_scale": 0.1},
  "22": {"cam_K": [614.19298, 0.0, 326.26801, 0.0, 614.19298, 238.851, 0.0, 0.0, 1.0], "cam_R_w2c": [-0.22017797827720642, 0.9754596948623657, -7.450580596923828e-09, 0.3459887206554413, 0.07809560000896454, -0.9349827170372009, -0.9120380878448486, -0.20586265623569489, -0.3546930253505707], "cam_t_w2c": [2.081128768622875, 463.7337625026703, 1185.554027557373], "depth_scale": 0.1},
  "23": {"cam_K": [614.19298, 0.0, 326.26801, 0.0, 614.19298, 238.851, 0.0, 0.0, 1.0], "cam_R_w2c": [-0.2170654684305191, 0.976157009601593, 0.0, 0.3518713116645813, 0.07824470102787018, -0.9327723979949951, -0.9105323553085327, -0.20247268676757812, -0.3604659140110016], "cam_t_w2c": [2.0360187627375126, 462.70355582237244, 1188.3783340454102], "depth_scale": 0.1},
  "24": {"cam_K": [614.19298, 0.0, 326.26801, 0.0, 614.19298, 238.851, 0.0, 0.0, 1.0], "cam_R_w2c": [-0.21424639225006104, 0.9767796397209167, -7.450581485102248e-09, 0.35722342133522034, 0.07835322618484497, -0.9307266473770142, -0.9091149568557739, -0.19940486550331116, -0.36571550369262695], "cam_t_w2c": [1.9444101490080357, 461.8460237979889, 1190.7322406768799], "depth_scale": 0.1},
  "25": {"cam_K": [614.19298, 0.0, 326.26801, 0.0, 614.19298, 238.851, 0.0, 0.0, 1.0], "cam_R_w2c": [-0.21175816655158997, 0.9773221015930176, 0.0, 0.36198046803474426, 0.07843097299337387, -0.9288803935050964, -0.9078153967857361, -0.19669803977012634, -0.3703799247741699], "cam_t_w2c": [1.79938948713243, 461.1905813217163, 1192.5514936447144], "depth_scale": 0.1},
  "26": {"cam_K": [614.19298, 0.0, 326.26801, 0.0, 614.19298, 238.851, 0.0, 0.0, 1.0], "cam_R_w2c": [-0.20963843166828156, 0.977778971195221, 0.0, 0.36607789993286133, 0.07848808914422989, -0.9272683262825012, -0.9066635370254517, -0.19439110159873962, -0.3743974268436432], "cam_t_w2c": [1.5937364660203457, 460.7667922973633, 1193.771481513977], "depth_scale": 0.1},
  "27": {"cam_K": [614.19298, 0.0, 326.26801, 0.0, 614.19298, 238.851, 0.0, 0.0, 1.0], "cam_R_w2c": [-0.20792467892169952, 0.9781448245048523, 0.0, 0.3694517910480499, 0.07853453606367111, -0.9259253144264221, -0.9056891202926636, -0.19252273440361023, -0.3777066469192505], "cam_t_w2c": [1.319617498666048, 460.60270071029663, 1194.3284273147583], "depth_scale": 0.1},
  "28": {"cam_K": [614.19298, 0.0, 326.26801, 0.0, 614.19298, 238.851, 0.0, 0.0, 1.0], "cam_R_w2c": [-0.20665423572063446, 0.9784140586853027, 0.0, 0.3720378279685974, 0.07857940346002579, -0.9248855710029602, -0.9049210548400879, -0.19113151729106903, -0.3802458941936493], "cam_t_w2c": [0.9685583063401282, 460.72524785995483, 1194.1578388214111], "depth_scale": 0.1},
  "29": {"cam_K": [614.19298, 0.0, 326.26801, 0.0, 614.19298, 238.851, 0.0, 0.0, 1.0], "cam_R_w2c": [-0.2058647871017456, 0.9785804748535156, 0.0, 0.37377142906188965, 0.07863059639930725, -0.9241819977760315, -0.9043864607810974, -0.1902565062046051, -0.38195276260375977], "cam_t_w2c": [0.5319295451045036, 461.15854382514954, 1193.196415901184], "depth_scale": 0.1},
  "30": {"cam_K": [614.19298, 0.0, 326.26801, 0.0, 614.19298, 238.851, 0.0, 0.0, 1.0], "cam_R_w2c": [-0.2055933028459549, 0.9786375761032104, -7.450581485102248e-09, 0.37458789348602295, 0.07869384437799454, -0.9238458871841431, -0.9041103720664978, -0.189936563372612, -0.3827647566795349], "cam_t_w2c": [-7.2557178043553e-05, 461.9230031967163, 1191.3824081420898], "depth_scale": 0.1},
  "31": {"cam_K": [614.19298, 0.0, 326.26801, 0.0, 614.19298, 238.851, 0.0, 0.0, 1.0], "cam_R_w2c": [-0.2064794898033142, 0.9784508943557739, -2.2351741790771484e-08, 0.3748413324356079, 0.07910159975290298, -0.9237082004547119, -0.9038032293319702, -0.19072681665420532, -0.38309675455093384], "cam_t_w2c": [-0.5352931329980493, 462.84011006355286, 1189.170479774475], "depth_scale": 0.1},
  "32": {"cam_K": [614.19298, 0.0, 326.26801, 0.0, 614.19298, 238.851, 0.0, 0.0, 1.0], "cam_R_w2c": [-0.20905689895153046, 0.9779034852981567, -2.2351745343485163e-08, 0.37493452429771423, 0.08015374839305878, -0.9235798120498657, -0.9031718969345093, -0.19308072328567505, -0.38340651988983154], "cam_t_w2c": [-0.9874769020825624, 463.7174606323242, 1187.0594024658203], "depth_scale": 0.1},
  "33": {"cam_K": [614.19298, 0.0, 326.26801, 0.0, 614.19298, 238.851, 0.0, 0.0, 1.0], "cam_R_w2c": [-0.21320167183876038, 0.9770081639289856, -2.2351741790771484e-08, 0.37487316131591797, 0.08180440217256546, -0.9234598278999329, -0.9022278785705566, -0.1968832015991211, -0.38369500637054443], "cam_t_w2c": [-1.3737005647271872, 464.54933285713196, 1185.060739517212], "depth_scale": 0.1},
  "34": {"cam_K": [614.19298, 0.0, 326.26801, 0.0, 614.19298, 238.851, 0.0, 0.0, 1.0], "cam_R_w2c": [-0.2187889963388443, 0.9757722020149231, -2.2351743567128324e-08, 0.3746601641178131, 0.08400680124759674, -0.923348605632782, -0.9009779691696167, -0.20201852917671204, -0.3839627802371979], "cam_t_w2c": [-1.7082401318475604, 465.3299152851105, 1183.1892728805542], "depth_scale": 0.1},
  "35": {"cam_K": [614.19298, 0.0, 326.26801, 0.0, 614.19298, 238.851, 0.0, 0.0, 1.0], "cam_R_w2c": [-0.22569282352924347, 0.9741985201835632, -2.2351745343485163e-08, 0.37429749965667725, 0.08671358227729797, -0.9232454895973206, -0.8994244337081909, -0.2083698958158493, -0.3842107355594635], "cam_t_w2c": [-2.00267368927598, 466.05104207992554, 1181.463122367859], "depth_scale": 0.1},
  "36": {"cam_K": [614.19298, 0.0, 326.26801, 0.0, 614.19298, 238.851, 0.0, 0.0, 1.0], "cam_R_w2c": [-0.23378650844097137, 0.9722879528999329, -2.2351743567128324e-08, 0.37378600239753723, 0.08987677842378616, -0.9231501221656799, -0.8975678086280823, -0.2158200591802597, -0.3844396471977234], "cam_t_w2c": [-2.2656964138150215, 466.7040705680847, 1179.902195930481], "depth_scale": 0.1},
  "37": {"cam_K": [614.19298, 0.0, 326.26801, 0.0, 614.19298, 238.851, 0.0, 0.0, 1.0], "cam_R_w2c": [-0.24294227361679077, 0.9700407385826111, -1.4901162970204496e-08, 0.3731262683868408, 0.09344775974750519, -0.9230624437332153, -0.8954082131385803, -0.2242508977651596, -0.3846501410007477], "cam_t_w2c": [-2.5037312880158424, 467.2805666923523, 1178.5268783569336], "depth_scale": 0.1},
  "38": {"cam_K": [614.19298, 0.0, 326.26801, 0.0, 614.19298, 238.851, 0.0, 0.0, 1.0], "cam_R_w2c": [-0.2530324161052704, 0.9674578309059143, -2.2351745343485163e-08, 0.37231945991516113, 0.09737777709960938, -0.9229820370674133, -0.892946183681488, -0.23354439437389374, -0.3848431706428528], "cam_t_w2c": [-2.7203382924199104, 467.7720069885254, 1177.3563623428345], "depth_scale": 0.1},
  "39": {"cam_K": [614.19298, 0.0, 326.26801, 0.0, 614.19298, 238.851, 0.0, 0.0, 1.0], "cam_R_w2c": [-0.26392921805381775, 0.9645420908927917, -2.2351743567128324e-08, 0.37136727571487427, 0.10161780565977097, -0.9229085445404053, -0.8901841640472412, -0.24358251690864563, -0.38501930236816406], "cam_t_w2c": [-2.9165328014642, 468.17100048065186, 1176.4084100723267], "depth_scale": 0.1},
  "40": {"cam_K": [614.19298, 0.0, 326.26801, 0.0, 614.19298, 238.851, 0.0, 0.0, 1.0], "cam_R_w2c": [-0.2755048871040344, 0.9612996578216553, -1.4901162970204496e-08, 0.3702729642391205, 0.1061188355088234, -0.9228416085243225, -0.8871274590492249, -0.25424742698669434, -0.3851795792579651], "cam_t_w2c": [-3.0913047958165407, 468.47066283226013, 1175.6980419158936], "depth_scale": 0.1},
  "41": {"cam_K": [614.19298, 0.0, 326.26801, 0.0, 614.19298, 238.851, 0.0, 0.0, 1.0], "cam_R_w2c": [-0.28763213753700256, 0.9577409625053406, -2.2351745343485163e-08, 0.3690410852432251, 0.11083171516656876, -0.9227811098098755, -0.8837853670120239, -0.2654215395450592, -0.385324627161026], "cam_t_w2c": [-3.2420014031231403, 468.6667025089264, 1175.2363443374634], "depth_scale": 0.1},
  "42": {"cam_K": [614.19298, 0.0, 326.26801, 0.0, 614.19298, 238.851, 0.0, 0.0, 1.0], "cam_R_w2c": [-0.30018481612205505, 0.9538810849189758, -2.2351745343485163e-08, 0.36767813563346863, 0.11570769548416138, -0.9227267503738403, -0.8801716566085815, -0.27698856592178345, -0.3854549527168274], "cam_t_w2c": [-3.364208620041609, 468.755841255188, 1175.0303506851196], "depth_scale": 0.1},
  "43": {"cam_K": [614.19298, 0.0, 326.26801, 0.0, 614.19298, 238.851, 0.0, 0.0, 1.0], "cam_R_w2c": [-0.3130374252796173, 0.9497407674789429, 0.0, 0.36619314551353455, 0.12069837749004364, -0.9226778149604797, -0.8763048052787781, -0.28883275389671326, -0.3855717182159424], "cam_t_w2c": [-3.452880308032036, 468.7366783618927, 1175.0819683074951], "depth_scale": 0.1},
  "44": {"cam_K": [614.19298, 0.0, 326.26801, 0.0, 614.19298, 238.851, 0.0, 0.0, 1.0], "cam_R_w2c": [-0.3260667026042938, 0.9453467726707458, -1.4901162970204496e-08, 0.3645969033241272, 0.12575586140155792, -0.9226346015930176, -0.8722096681594849, -0.30084043741226196, -0.3856753706932068], "cam_t_w2c": [-3.5022967495024204, 468.6111509799957, 1175.3884553909302], "depth_scale": 0.1},
  "45": {"cam_K": [614.19298, 0.0, 326.26801, 0.0, 614.19298, 238.851, 0.0, 0.0, 1.0], "cam_R_w2c": [-0.33915048837661743, 0.9407321810722351, -7.450581485102248e-09, 0.362903356552124, 0.13083304464817047, -0.922596275806427, -0.8679160475730896, -0.31289899349212646, -0.38576698303222656], "cam_t_w2c": [-3.507156390696764, 468.3820307254791, 1175.9413480758667], "depth_scale": 0.1},
  "46": {"cam_K": [614.19298, 0.0, 326.26801, 0.0, 614.19298, 238.851, 0.0, 0.0, 1.0], "cam_R_w2c": [-0.3521689772605896, 0.935936450958252, -2.2351745343485163e-08, 0.36112838983535767, 0.1358833760023117, -0.9225627779960632, -0.8634601831436157, -0.32489800453186035, -0.38584721088409424], "cam_t_w2c": [-3.4627988934516907, 468.05569529533386, 1176.7258644104004], "depth_scale": 0.1},
  "47": {"cam_K": [614.19298, 0.0, 326.26801, 0.0, 614.19298, 238.851, 0.0, 0.0, 1.0], "cam_R_w2c": [-0.36500445008277893, 0.9310057759284973, -2.2351743567128324e-08, 0.3592904806137085, 0.14086124300956726, -0.9225337505340576, -0.8588842749595642, -0.33672896027565, -0.385916531085968], "cam_t_w2c": [-3.3661541528999805, 467.6404595375061, 1177.7223348617554], "depth_scale": 0.1},
  "48": {"cam_K": [614.19298, 0.0, 326.26801, 0.0, 614.19298, 238.851, 0.0, 0.0, 1.0], "cam_R_w2c": [-0.3775426149368286, 0.9259922504425049, -1.4901162970204496e-08, 0.35741087794303894, 0.1457224041223526, -0.9225088357925415, -0.8542361259460449, -0.34828639030456543, -0.3859761953353882], "cam_t_w2c": [-3.21521470323205, 467.1465754508972, 1178.9053678512573], "depth_scale": 0.1},
  "49": {"cam_K": [614.19298, 0.0, 326.26801, 0.0, 614.19298, 238.851, 0.0, 0.0, 1.0], "cam_R_w2c": [-0.3896704316139221, 0.9209544062614441, -1.4901162970204496e-08, 0.3555127680301666, 0.1504230946302414, -0.9224876761436462, -0.8495690822601318, -0.35946619510650635, -0.386026531457901], "cam_t_w2c": [-3.011176595464349, 466.5873348712921, 1180.2443265914917], "depth_scale": 0.1},
  "50": {"cam_K": [614.19298, 0.0, 326.26801, 0.0, 614.19298, 238.851, 0.0, 0.0, 1.0], "cam_R_w2c": [-0.4012787938117981, 0.9159560203552246, -2.980232594040899e-08, 0.3536217510700226, 0.15492106974124908, -0.922470211982727, -0.8449420928955078, -0.37016770243644714, -0.38606855273246765], "cam_t_w2c": [-2.757060807198286, 465.9771919250488, 1181.7039251327515], "depth_scale": 0.1},
  "51": {"cam_K": [614.19298, 0.0, 326.26801, 0.0, 614.19298, 238.851, 0.0, 0.0, 1.0], "cam_R_w2c": [-0.4122604429721832, 0.9110661149024963, -2.980232594040899e-08, 0.3517652750015259, 0.15917491912841797, -0.9224557280540466, -0.8404182195663452, -0.38029199838638306, -0.38610297441482544], "cam_t_w2c": [-2.4591407272964716, 465.33289551734924, 1183.244228363037], "depth_scale": 0.1},
  "52": {"cam_K": [614.19298, 0.0, 326.26801, 0.0, 614.19298, 238.851, 0.0, 0.0, 1.0], "cam_R_w2c": [-0.42251095175743103, 0.9063578248023987, -2.980232594040899e-08, 0.3499724268913269, 0.16314435005187988, -0.9224441647529602, -0.8360645174980164, -0.38974276185035706, -0.38613054156303406], "cam_t_w2c": [-2.1262362133711576, 464.67268466949463, 1184.8223209381104], "depth_scale": 0.1},
  "53": {"cam_K": [614.19298, 0.0, 326.26801, 0.0, 614.19298, 238.851, 0.0, 0.0, 1.0], "cam_R_w2c": [-0.4319280683994293, 0.9019080996513367, -2.980232594040899e-08, 0.3482735753059387, 0.16678985953330994, -0.9224352240562439, -0.8319517970085144, -0.3984256982803345, -0.3861519992351532], "cam_t_w2c": [-1.7701605102047324, 464.0159010887146, 1186.391830444336], "depth_scale": 0.1},
  "54": {"cam_K": [614.19298, 0.0, 326.26801, 0.0, 614.19298, 238.851, 0.0, 0.0, 1.0], "cam_R_w2c": [-0.4404115080833435, 0.8977959752082825, -1.4901161193847656e-08, 0.3467000722885132, 0.17007280886173248, -0.9224284291267395, -0.8281526565551758, -0.40624815225601196, -0.3861680030822754], "cam_t_w2c": [-1.4051224570721388, 463.3826017379761, 1187.904953956604], "depth_scale": 0.1},
  "55": {"cam_K": [614.19298, 0.0, 326.26801, 0.0, 614.19298, 238.851, 0.0, 0.0, 1.0], "cam_R_w2c": [-0.4478623867034912, 0.8941025733947754, -2.980232594040899e-08, 0.34528419375419617, 0.17295530438423157, -0.9224236011505127, -0.8247413635253906, -0.413118839263916, -0.38617971539497375], "cam_t_w2c": [-1.0471820132806897, 462.79335021972656, 1189.3125772476196], "depth_scale": 0.1},
  "56": {"cam_K": [614.19298, 0.0, 326.26801, 0.0, 614.19298, 238.851, 0.0, 0.0, 1.0], "cam_R_w2c": [-0.4541822075843811, 0.8909087777137756, -2.9802322387695312e-08, 0.34405770897865295, 0.17539940774440765, -0.92242032289505, -0.821792483329773, -0.41894692182540894, -0.3861873745918274], "cam_t_w2c": [-0.7144631235860288, 462.2690677642822, 1190.5649900436401], "depth_scale": 0.1},
  "57": {"cam_K": [614.19298, 0.0, 326.26801, 0.0, 614.19298, 238.851, 0.0, 0.0, 1.0], "cam_R_w2c": [-0.4592727720737457, 0.8882952928543091, -1.4901162970204496e-08, 0.34305253624916077, 0.1773674488067627, -0.9224184155464172, -0.819379985332489, -0.4236416816711426, -0.3861920237541199], "cam_t_w2c": [-0.4256275715306401, 461.82993054389954, 1191.614270210266], "depth_scale": 0.1},
  "58": {"cam_K": [614.19298, 0.0, 326.26801, 0.0, 614.19298, 238.851, 0.0, 0.0, 1.0], "cam_R_w2c": [-0.4630354642868042, 0.8863397836685181, -1.4901162970204496e-08, 0.34229952096939087, 0.17882172763347626, -0.922417402267456, -0.8175752758979797, -0.42711201310157776, -0.3861945569515228], "cam_t_w2c": [-0.19889033865183592, 461.49498224258423, 1192.4139261245728], "depth_scale": 0.1},
  "59": {"cam_K": [614.19298, 0.0, 326.26801, 0.0, 614.19298, 238.851, 0.0, 0.0, 1.0], "cam_R_w2c": [-0.46536916494369507, 0.885116696357727, -1.4901162970204496e-08, 0.3418278992176056, 0.1797233521938324, -0.9224170446395874, -0.8164467811584473, -0.42926445603370667, -0.3861953318119049], "cam_t_w2c": [-0.05203527325647883, 461.28273010253906, 1192.9211616516113], "depth_scale": 0.1},
  "60": {"cam_K": [614.19298, 0.0, 326.26801, 0.0, 614.19298, 238.851, 0.0, 0.0, 1.0], "cam_R_w2c": [-0.46617063879966736, 0.8846948146820068, -5.960465188081798e-08, 0.34166520833969116, 0.18003296852111816, -0.9224169850349426, -0.8160575032234192, -0.4300037622451782, -0.38619551062583923], "cam_t_w2c": [-0.00012254967884928192, 461.20861172676086, 1193.0978298187256], "depth_scale": 0.1},
  "61": {"cam_K": [614.19298, 0.0, 326.26801, 0.0, 614.19298, 238.851, 0.0, 0.0, 1.0], "cam_R_w2c": [-0.46604812145233154, 0.8847594261169434, -5.960465188081798e-08, 0.3414826989173889, 0.17987637221813202, -0.9225150942802429, -0.8162040114402771, -0.4299364984035492, -0.38596111536026], "cam_t_w2c": [0.005425812105386285, 461.26046776771545, 1192.9646730422974], "depth_scale": 0.1},
  "62": {"cam_K": [614.19298, 0.0, 326.26801, 0.0, 614.19298, 238.851, 0.0, 0.0, 1.0], "cam_R_w2c": [-0.4656824767589569, 0.8849518895149231, -5.960465188081798e-08, 0.3409518599510193, 0.17941682040691376, -0.9228008985519409, -0.8166344165802002, -0.4297322630882263, -0.38527730107307434], "cam_t_w2c": [0.021924348402535543, 461.41231060028076, 1192.5758123397827], "depth_scale": 0.1},
  "63": {"cam_K": [614.19298, 0.0, 326.26801, 0.0, 614.19298, 238.851, 0.0, 0.0, 1.0], "cam_R_w2c": [-0.4650759994983673, 0.8852707743644714, -5.960465188081798e-08, 0.34009820222854614, 0.17867013812065125, -0.9232606887817383, -0.8173357248306274, -0.4293864071369171, -0.3841741979122162], "cam_t_w2c": [0.048377947678091004, 461.6561830043793, 1191.9490098953247], "depth_scale": 0.1},
  "64": {"cam_K": [614.19298, 0.0, 326.26801, 0.0, 614.19298, 238.851, 0.0, 0.0, 1.0], "cam_R_w2c": [-0.46423110365867615, 0.8857141137123108, -7.450581307466564e-08, 0.3389461934566498, 0.1776524782180786, -0.923880398273468, -0.8182940483093262, -0.4288941025733948, -0.382681280374527], "cam_t_w2c": [0.08390365110244602, 461.9850218296051, 1191.1020278930664], "depth_scale": 0.1},
  "65": {"cam_K": [614.19298, 0.0, 326.26801, 0.0, 614.19298, 238.851, 0.0, 0.0, 1.0], "cam_R_w2c": [-0.4631499946117401, 0.8862798810005188, -5.960464477539063e-08, 0.3375200033187866, 0.17638032138347626, -0.9246459007263184, -0.8194952011108398, -0.4282498359680176, -0.38082778453826904], "cam_t_w2c": [0.12711819726973772, 462.3911678791046, 1190.0533437728882], "depth_scale": 0.1},
  "66": {"cam_K": [614.19298, 0.0, 326.26801, 0.0, 614.19298, 238.851, 0.0, 0.0, 1.0], "cam_R_w2c": [-0.46183496713638306, 0.8869658708572388, -5.960465188081798e-08, 0.335843563079834, 0.1748705953359604, -0.9255427122116089, -0.8209249377250671, -0.4274480640888214, -0.3786431550979614], "cam_t_w2c": [0.1768717629602179, 462.8666937351227, 1188.821792602539], "depth_scale": 0.1},
  "67": {"cam_K": [614.19298, 0.0, 326.26801, 0.0, 614.19298, 238.851, 0.0, 0.0, 1.0], "cam_R_w2c": [-0.46028777956962585, 0.8877697587013245, -5.960465188081798e-08, 0.33394041657447815, 0.17314019799232483, -0.9265561699867249, -0.8225685954093933, -0.42648252844810486, -0.3761565387248993], "cam_t_w2c": [0.23150966444518417, 463.4036719799042, 1187.426209449768], "depth_scale": 0.1},
  "68": {"cam_K": [614.19298, 0.0, 326.26801, 0.0, 614.19298, 238.851, 0.0, 0.0, 1.0], "cam_R_w2c": [-0.4585108160972595, 0.888688862323761, -7.450581307466564e-08, 0.331834077835083, 0.17120668292045593, -0.9276715517044067, -0.8244113922119141, -0.4253475069999695, -0.3733973801136017], "cam_t_w2c": [0.2897102967835963, 463.99372816085815, 1185.8857870101929], "depth_scale": 0.1},
  "69": {"cam_K": [614.19298, 0.0, 326.26801, 0.0, 614.19298, 238.851, 0.0, 0.0, 1.0], "cam_R_w2c": [-0.45650550723075867, 0.889720618724823, -7.450581307466564e-08, 0.3295481503009796, 0.16908733546733856, -0.9288743734359741, -0.8264387249946594, -0.42403629422187805, -0.37039512395858765], "cam_t_w2c": [0.34946564119309187, 464.62899446487427, 1184.2199563980103], "depth_scale": 0.1},
  "70": {"cam_K": [614.19298, 0.0, 326.26801, 0.0, 614.19298, 238.851, 0.0, 0.0, 1.0], "cam_R_w2c": [-0.4542739689350128, 0.8908620476722717, -7.450581307466564e-08, 0.32710587978363037, 0.16679982841014862, -0.9301503896713257, -0.8286356925964355, -0.42254313826560974, -0.3671790659427643], "cam_t_w2c": [0.40950096445158124, 465.30160307884216, 1182.4477910995483], "depth_scale": 0.1},
  "71": {"cam_K": [614.19298, 0.0, 326.26801, 0.0, 614.19298, 238.851, 0.0, 0.0, 1.0], "cam_R_w2c": [-0.45181798934936523, 0.8921101093292236, -7.450581307466564e-08, 0.32453081011772156, 0.16436176002025604, -0.9314853549003601, -0.8309876322746277, -0.4208618998527527, -0.36377885937690735], "cam_t_w2c": [0.46815708628855646, 466.0034477710724, 1180.5886030197144], "depth_scale": 0.1},
  "72": {"cam_K": [614.19298, 0.0, 326.26801, 0.0, 614.19298, 238.851, 0.0, 0.0, 1.0], "cam_R_w2c": [-0.44913941621780396, 0.8934617638587952, -5.960465188081798e-08, 0.3218463361263275, 0.16179071366786957, -0.9328659176826477, -0.8334800601005554, -0.41898688673973083, -0.3602239787578583], "cam_t_w2c": [0.5239974125288427, 466.72746539115906, 1178.6611080169678], "depth_scale": 0.1},
  "73": {"cam_K": [614.19298, 0.0, 326.26801, 0.0, 614.19298, 238.851, 0.0, 0.0, 1.0], "cam_R_w2c": [-0.4462393820285797, 0.8949136734008789, -5.960465188081798e-08, 0.3190767467021942, 0.15910422801971436, -0.9342783689498901, -0.8360984921455383, -0.4169118106365204, -0.35654470324516296], "cam_t_w2c": [0.5748757976107299, 467.4658477306366, 1176.6844987869263], "depth_scale": 0.1},
  "74": {"cam_K": [614.19298, 0.0, 326.26801, 0.0, 614.19298, 238.851, 0.0, 0.0, 1.0], "cam_R_w2c": [-0.4431200325489044, 0.8964623212814331, -4.470348713425665e-08, 0.3162458837032318, 0.15631982684135437, -0.9357096552848816, -0.8388285040855408, -0.41463178396224976, -0.35277095437049866], "cam_t_w2c": [0.6200715433806181, 468.21129322052, 1174.6771335601807], "depth_scale": 0.1},
  "75": {"cam_K": [614.19298, 0.0, 326.26801, 0.0, 614.19298, 238.851, 0.0, 0.0, 1.0], "cam_R_w2c": [-0.4397825598716736, 0.8981043100357056, -5.960465188081798e-08, 0.31337815523147583, 0.15345452725887299, -0.9371477365493774, -0.841656506061554, -0.41214126348495483, -0.3489328920841217], "cam_t_w2c": [0.6577474414370954, 468.9572751522064, 1172.6574897766113], "depth_scale": 0.1},
  "76": {"cam_K": [614.19298, 0.0, 326.26801, 0.0, 614.19298, 238.851, 0.0, 0.0, 1.0], "cam_R_w2c": [-0.4362287223339081, 0.8998358249664307, -5.960465188081798e-08, 0.3104982078075409, 0.15052543580532074, -0.938580334186554, -0.8445682525634766, -0.4094357490539551, -0.34506094455718994], "cam_t_w2c": [0.6869378266856074, 469.6970582008362, 1170.6434488296509], "depth_scale": 0.1},
  "77": {"cam_K": [614.19298, 0.0, 326.26801, 0.0, 614.19298, 238.851, 0.0, 0.0, 1.0], "cam_R_w2c": [-0.4324600100517273, 0.9016531705856323, -4.4703490686970326e-08, 0.30763116478919983, 0.147549107670784, -0.9399959444999695, -0.8475503921508789, -0.40651071071624756, -0.34118571877479553], "cam_t_w2c": [0.7065347163006663, 470.4243540763855, 1168.6525344848633], "depth_scale": 0.1},
  "78": {"cam_K": [614.19298, 0.0, 326.26801, 0.0, 614.19298, 238.851, 0.0, 0.0, 1.0], "cam_R_w2c": [-0.4284779131412506, 0.903552234172821, -6.705522537231445e-08, 0.30480247735977173, 0.14454182982444763, -0.9413835406303406, -0.8505892753601074, -0.4033621549606323, -0.3373379707336426], "cam_t_w2c": [0.7158835651353002, 471.1329936981201, 1166.702151298523], "depth_scale": 0.1},
  "79": {"cam_K": [614.19298, 0.0, 326.26801, 0.0, 614.19298, 238.851, 0.0, 0.0, 1.0], "cam_R_w2c": [-0.42428338527679443, 0.9055294990539551, -5.960465188081798e-08, 0.3020384609699249, 0.14151924848556519, -0.9427328109741211, -0.8536723852157593, -0.3999859392642975, -0.33354902267456055], "cam_t_w2c": [0.7135303458198905, 471.81686758995056, 1164.8095846176147], "depth_scale": 0.1},
  "80": {"cam_K": [614.19298, 0.0, 326.26801, 0.0, 614.19298, 238.851, 0.0, 0.0, 1.0], "cam_R_w2c": [-0.41987845301628113, 0.9075803160667419, -5.2154067731180476e-08, 0.29936498403549194, 0.13849666714668274, -0.9440335035324097, -0.8567863702774048, -0.39637938141822815, -0.3298495411872864], "cam_t_w2c": [0.6997305317781866, 472.470760345459, 1162.9911661148071], "depth_scale": 0.1},
  "81": {"cam_K": [614.19298, 0.0, 326.26801, 0.0, 614.19298, 238.851, 0.0, 0.0, 1.0], "cam_R_w2c": [-0.4152642786502838, 0.9097008109092712, -5.2154067731180476e-08, 0.29680919647216797, 0.13548871874809265, -0.9452762007713318, -0.8599185943603516, -0.39253950119018555, -0.3262712061405182], "cam_t_w2c": [0.6739639211446047, 473.0891287326813, 1161.263108253479], "depth_scale": 0.1},
  "82": {"cam_K": [614.19298, 0.0, 326.26801, 0.0, 614.19298, 238.851, 0.0, 0.0, 1.0], "cam_R_w2c": [-0.4104422926902771, 0.9118866324424744, -6.705523247774181e-08, 0.29439812898635864, 0.13250921666622162, -0.9464518427848816, -0.8630568385124207, -0.3884638845920563, -0.32284510135650635], "cam_t_w2c": [0.6362760905176401, 473.66687655448914, 1159.6417427062988], "depth_scale": 0.1},
  "83": {"cam_K": [614.19298, 0.0, 326.26801, 0.0, 614.19298, 238.851, 0.0, 0.0, 1.0], "cam_R_w2c": [-0.40541377663612366, 0.9141333103179932, -5.960465188081798e-08, 0.2921598255634308, 0.12957143783569336, -0.9475515484809875, -0.8661884665489197, -0.3841504752635956, -0.3196031153202057], "cam_t_w2c": [0.5867935251444578, 474.19875860214233, 1158.1426858901978], "depth_scale": 0.1},
  "84": {"cam_K": [614.19298, 0.0, 326.26801, 0.0, 614.19298, 238.851, 0.0, 0.0, 1.0], "cam_R_w2c": [-0.4001801609992981, 0.9164365530014038, -5.2154071283894154e-08, 0.29012253880500793, 0.126687690615654, -0.9485669136047363, -0.869301438331604, -0.3795977234840393, -0.3165768086910248], "cam_t_w2c": [0.5261191981844604, 474.67949986457825, 1156.7813158035278], "depth_scale": 0.1},
  "85": {"cam_K": [614.19298, 0.0, 326.26801, 0.0, 614.19298, 238.851, 0.0, 0.0, 1.0], "cam_R_w2c": [-0.3947429656982422, 0.9187915325164795, -5.21540641784668e-08, 0.28831467032432556, 0.12386937439441681, -0.9494898319244385, -0.8723833560943604, -0.3748045265674591, -0.3137976825237274], "cam_t_w2c": [0.45527968904934824, 475.10480880737305, 1155.5728912353516], "depth_scale": 0.1},
  "86": {"cam_K": [614.19298, 0.0, 326.26801, 0.0, 614.19298, 238.851, 0.0, 0.0, 1.0], "cam_R_w2c": [-0.389103502035141, 0.9211940169334412, -5.21540641784668e-08, 0.2867657244205475, 0.12112703174352646, -0.9503123164176941, -0.8754220604896545, -0.3697699308395386, -0.31129786372184753], "cam_t_w2c": [0.37523097125813365, 475.46932101249695, 1154.5329093933105], "depth_scale": 0.1},
  "87": {"cam_K": [614.19298, 0.0, 326.26801, 0.0, 614.19298, 238.851, 0.0, 0.0, 1.0], "cam_R_w2c": [-0.3832635283470154, 0.9236389994621277, -6.705523247774181e-08, 0.28550487756729126, 0.11847002804279327, -0.9510267376899719, -0.8784055113792419, -0.3644939363002777, -0.3091087341308594], "cam_t_w2c": [0.2877415099646896, 475.7685959339142, 1153.6766290664673], "depth_scale": 0.1},
  "88": {"cam_K": [614.19298, 0.0, 326.26801, 0.0, 614.19298, 238.851, 0.0, 0.0, 1.0], "cam_R_w2c": [-0.3772242069244385, 0.9261219501495361, -5.960465188081798e-08, 0.2845623791217804, 0.115906722843647, -0.9516248106956482, -0.8813207149505615, -0.35897600650787354, -0.3072623312473297], "cam_t_w2c": [0.19456801237538457, 475.9969413280487, 1153.0191898345947], "depth_scale": 0.1},
  "89": {"cam_K": [614.19298, 0.0, 326.26801, 0.0, 614.19298, 238.851, 0.0, 0.0, 1.0], "cam_R_w2c": [-0.3709869384765625, 0.9286381006240845, -5.2154071283894154e-08, 0.2839687168598175, 0.11344422399997711, -0.9520989060401917, -0.8841553926467896, -0.353216290473938, -0.305790513753891], "cam_t_w2c": [0.09774276986718178, 476.14938020706177, 1152.5758504867554], "depth_scale": 0.1},
  "90": {"cam_K": [614.19298, 0.0, 326.26801, 0.0, 614.19298, 238.851, 0.0, 0.0, 1.0], "cam_R_w2c": [-0.3645534813404083, 0.9311825037002563, 7.450581485102248e-09, 0.28375422954559326, 0.11108842492103577, -0.9524405002593994, -0.8868959546089172, -0.34721553325653076, -0.30472466349601746], "cam_t_w2c": [8.515482363691262e-05, 476.2204587459564, 1152.3624658584595], "depth_scale": 0.1},
  "91": {"cam_K": [614.19298, 0.0, 326.26801, 0.0, 614.19298, 238.851, 0.0, 0.0, 1.0], "cam_R_w2c": [-0.3579293191432953, 0.933748722076416, -7.450581485102248e-09, 0.28376641869544983, 0.10877480357885361, -0.9527038931846619, -0.8895860910415649, -0.34100067615509033, -0.30390027165412903], "cam_t_w2c": [-0.09561825572745875, 476.2580990791321, 1152.2417068481445], "depth_scale": 0.1},
  "92": {"cam_K": [614.19298, 0.0, 326.26801, 0.0, 614.19298, 238.851, 0.0, 0.0, 1.0], "cam_R_w2c": [-0.3511359393596649, 0.9363245368003845, 0.0, 0.2838287949562073, 0.10644012689590454, -0.9529489278793335, -0.8922696113586426, -0.33461466431617737, -0.3031308352947235], "cam_t_w2c": [-0.1873595465440303, 476.3111174106598, 1152.0732641220093], "depth_scale": 0.1},
  "93": {"cam_K": [614.19298, 0.0, 326.26801, 0.0, 614.19298, 238.851, 0.0, 0.0, 1.0], "cam_R_w2c": [-0.34419867396354675, 0.938896894454956, 0.0, 0.283935546875, 0.10409049689769745, -0.9531766772270203, -0.8949346542358398, -0.3280821740627289, -0.30241402983665466], "cam_t_w2c": [-0.2739252813626081, 476.3769507408142, 1151.8663167953491], "depth_scale": 0.1},
  "94": {"cam_K": [614.19298, 0.0, 326.26801, 0.0, 614.19298, 238.851, 0.0, 0.0, 1.0], "cam_R_w2c": [-0.33714380860328674, 0.9414531588554382, 0.0, 0.28408199548721313, 0.10173260420560837, -0.9533875584602356, -0.8975698351860046, -0.32142874598503113, -0.3017484247684479], "cam_t_w2c": [-0.3535431460477412, 476.4518439769745, 1151.6298055648804], "depth_scale": 0.1},
  "95": {"cam_K": [614.19298, 0.0, 326.26801, 0.0, 614.19298, 238.851, 0.0, 0.0, 1.0], "cam_R_w2c": [-0.3299972712993622, 0.943981945514679, -7.450581485102248e-09, 0.2842629551887512, 0.09937266260385513, -0.9535825848579407, -0.9001647233963013, -0.3146796226501465, -0.30113181471824646], "cam_t_w2c": [-0.4254145023878664, 476.5337109565735, 1151.3721942901611], "depth_scale": 0.1},
  "96": {"cam_K": [614.19298, 0.0, 326.26801, 0.0, 614.19298, 238.851, 0.0, 0.0, 1.0], "cam_R_w2c": [-0.32278579473495483, 0.9464720487594604, 0.0, 0.2844739556312561, 0.097017303109169, -0.9537621736526489, -0.9027093052864075, -0.3078609108924866, -0.30056247115135193], "cam_t_w2c": [-0.4883019137196243, 476.61975026130676, 1151.1012315750122], "depth_scale": 0.1},
  "97": {"cam_K": [614.19298, 0.0, 326.26801, 0.0, 614.19298, 238.851, 0.0, 0.0, 1.0], "cam_R_w2c": [-0.315536230802536, 0.9489135146141052, 0.0, 0.28471073508262634, 0.09467308223247528, -0.9539269804954529, -0.9051942825317383, -0.3009985685348511, -0.30003872513771057], "cam_t_w2c": [-0.5415700725279748, 476.7075181007385, 1150.823473930359], "depth_scale": 0.1},
  "98": {"cam_K": [614.19298, 0.0, 326.26801, 0.0, 614.19298, 238.851, 0.0, 0.0, 1.0], "cam_R_w2c": [-0.3082757294178009, 0.9512971043586731, 0.0, 0.2849690616130829, 0.09234658628702164, -0.9540780186653137, -0.9076116681098938, -0.29411908984184265, -0.29955849051475525], "cam_t_w2c": [-0.58477878337726, 476.79564356803894, 1150.5452394485474], "depth_scale": 0.1},
  "99": {"cam_K": [614.19298, 0.0, 326.26801, 0.0, 614.19298, 238.851, 0.0, 0.0, 1.0], "cam_R_w2c": [-0.3010317087173462, 0.9536141157150269, 0.0, 0.2852449119091034, 0.09004455804824829, -0.9542155861854553, -0.9099535346031189, -0.2872491478919983, -0.29911985993385315], "cam_t_w2c": [-0.6173731526359916, 476.8819212913513, 1150.2715349197388], "depth_scale": 0.1},
  "100": {"cam_K": [614.19298, 0.0, 326.26801, 0.0, 614.19298, 238.851, 0.0, 0.0, 1.0], "cam_R_w2c": [-0.29383161664009094, 0.9558571577072144, 7.450581485102248e-09, 0.28553465008735657, 0.08777368068695068, -0.9543404579162598, -0.9122132658958435, -0.280415415763855, -0.298721045255661], "cam_t_w2c": [-0.6396437529474497, 476.9652187824249, 1150.0072479248047], "depth_scale": 0.1},
  "101": {"cam_K": [614.19298, 0.0, 326.26801, 0.0, 614.19298, 238.851, 0.0, 0.0, 1.0], "cam_R_w2c": [-0.2867036461830139, 0.9580193161964417, 0.0, 0.28583478927612305, 0.08554095029830933, -0.9544533491134644, -0.9143847823143005, -0.2736453115940094, -0.298360139131546], "cam_t_w2c": [-0.6514134583994746, 477.04431414604187, 1149.7559547424316], "depth_scale": 0.1},
  "102": {"cam_K": [614.19298, 0.0, 326.26801, 0.0, 614.19298, 238.851, 0.0, 0.0, 1.0], "cam_R_w2c": [-0.27967575192451477, 0.9600945115089417, 1.4901162970204496e-08, 0.2861420214176178, 0.08335323631763458, -0.9545548558235168, -0.9164629578590393, -0.2669658660888672, -0.29803529381752014], "cam_t_w2c": [-0.6531241815537214, 477.11819410324097, 1149.5205163955688], "depth_scale": 0.1},
  "103": {"cam_K": [614.19298, 0.0, 326.26801, 0.0, 614.19298, 238.851, 0.0, 0.0, 1.0], "cam_R_w2c": [-0.27277639508247375, 0.9620774388313293, 0.0, 0.28645315766334534, 0.08121765404939651, -0.954645574092865, -0.9184430837631226, -0.2604048550128937, -0.2977444529533386], "cam_t_w2c": [-0.6449559004977345, 477.1864712238312, 1149.303674697876], "depth_scale": 0.1},
  "104": {"cam_K": [614.19298, 0.0, 326.26801, 0.0, 614.19298, 238.851, 0.0, 0.0, 1.0], "cam_R_w2c": [-0.266033798456192, 0.9639637470245361, -7.450581485102248e-09, 0.2867656648159027, 0.07914130389690399, -0.9547262191772461, -0.920321524143219, -0.25398945808410645, -0.29748597741127014], "cam_t_w2c": [-0.6279603694565594, 477.2482216358185, 1149.106740951538], "depth_scale": 0.1},
